01.201409290008.02.0044.1620958544.seq 00914 00917 00920
01.201409290008.02.0044.1620958544.seq 00917 00920 00921
01.201409290008.02.0044.1620958544.seq 00933 00935 00938
01.201409290008.02.0044.1620958544.seq 00935 00938 00939
01.201409290008.02.0044.1620958544.seq 00938 00939 00940
01.201409290008.02.0044.1620958544.seq 00939 00940 00941
01.201409290008.02.0044.1620958544.seq 00940 00941 00942
01.201409290008.02.0044.1620958544.seq 01043 01045 01046
01.201409290008.02.0044.1620958544.seq 01045 01046 01048
01.201409290008.02.0044.1620958544.seq 01888 01891 01894
01.201409290008.02.0044.1620958544.seq 01891 01894 01896
01.201409290008.02.0044.1620958544.seq 01894 01896 01898
01.201409290008.02.0044.1620958544.seq 01896 01898 01899
01.201409290008.02.0044.1620958544.seq 02511 02512 02514
01.201409290008.02.0044.1620958544.seq 02543 02544 02545
01.201409290008.02.0044.1620958544.seq 02544 02545 02546
01.201409290008.02.0044.1620958544.seq 02545 02546 02547
01.201409290008.02.0044.1620958544.seq 02546 02547 02549
01.201409290008.02.0044.1620958544.seq 02547 02549 02550
01.201409290008.02.0044.1620958544.seq 02549 02550 02553
01.201409290008.02.0044.1620958544.seq 02550 02553 02555
01.201409290008.02.0044.1620958544.seq 02553 02555 02556
01.201409290008.02.0044.1620958544.seq 02555 02556 02558
01.201409290008.02.0044.1620958544.seq 02556 02558 02559
01.201409290008.02.0044.1620958544.seq 02558 02559 02561
01.201409290008.02.0044.1620958544.seq 02559 02561 02563
01.201409290008.02.0044.1620958544.seq 02561 02563 02564
01.201409290008.02.0044.1620958544.seq 02564 02566 02567
01.201409290008.02.0044.1620958544.seq 02566 02567 02570
01.201409290008.02.0044.1620958544.seq 02682 02685 02688
01.201409290008.02.0044.1620958544.seq 02866 02868 02869
01.201409290008.02.0044.1620958544.seq 02890 02893 02894
01.201409290008.02.0044.1620958544.seq 02893 02894 02895
01.201409290008.02.0044.1620958544.seq 02894 02895 02896
01.201409290008.02.0044.1620958544.seq 03885 03886 03887
01.201409290008.02.0044.1620958544.seq 03886 03887 03890
01.201409290008.02.0044.1620958544.seq 03887 03890 03892
01.201409290008.02.0044.1620958544.seq 03890 03892 03893
01.201409290008.02.0044.1620958544.seq 03902 03903 03904
01.201409290008.02.0044.1620958544.seq 03903 03904 03905
01.201409290008.02.0044.1620958544.seq 03924 03926 03927
01.201409290008.02.0044.1620958544.seq 03926 03927 03929
01.201409290008.02.0044.1620958544.seq 04019 04021 04023
01.201409290008.02.0044.1620958544.seq 04021 04023 04025
01.201409290008.02.0044.1620958544.seq 04023 04025 04026
01.201409290008.02.0044.1620958544.seq 04025 04026 04029
01.201409290008.02.0044.1620958544.seq 04098 04101 04102
01.201409290008.02.0044.1620958544.seq 04101 04102 04105
01.201409290008.02.0044.1620958544.seq 04102 04105 04108
01.201409290008.02.0044.1620958544.seq 04198 04201 04203
01.201409290008.02.0044.1620958544.seq 04201 04203 04204
01.201409290008.02.0044.1620958544.seq 04219 04221 04222
01.201409290008.02.0044.1620958544.seq 04221 04222 04224
01.201409290008.02.0044.1620958544.seq 04331 04332 04333
01.201409290008.02.0044.1620958544.seq 04332 04333 04334
01.201409290008.02.0044.1620958544.seq 04352 04353 04354
01.201409290008.02.0044.1620958544.seq 04353 04354 04355
01.201409290008.02.0044.1620958544.seq 04354 04355 04356
01.201409290008.02.0044.1620958544.seq 04355 04356 04358
01.201409290008.02.0044.1620958544.seq 04356 04358 04359
01.201409290008.02.0044.1620958544.seq 04460 04462 04463
01.201409290008.02.0044.1620958544.seq 04462 04463 04464
01.201409290008.02.0044.1620958544.seq 04463 04464 04465
01.201409290008.02.0044.1620958544.seq 04484 04485 04487
01.201409290008.02.0044.1620958544.seq 04485 04487 04488
01.201409290008.02.0044.1620958544.seq 05139 05142 05143
01.201409290008.02.0044.1620958544.seq 05142 05143 05145
01.201409290008.02.0044.1620958544.seq 05143 05145 05146
01.201409290008.02.0044.1620958544.seq 05145 05146 05147
01.201409290008.02.0044.1620958544.seq 05146 05147 05149
01.201409290008.02.0044.1620958544.seq 05147 05149 05150
01.201409290008.02.0044.1620958544.seq 05149 05150 05152
01.201409290008.02.0044.1620958544.seq 05172 05175 05177
01.201409290008.02.0044.1620958544.seq 05175 05177 05179
01.201409290008.02.0044.1620958544.seq 05179 05182 05184
01.201409290008.02.0044.1620958544.seq 05182 05184 05185
01.201809050064.02.0044.1620959948.seq 02515 02516 02519
01.201809050064.02.0044.1620959948.seq 02530 02532 02533
01.201809050064.02.0044.1620959948.seq 02532 02533 02534
01.201809050064.02.0044.1620959948.seq 02533 02534 02535
01.201809050064.02.0044.1620959948.seq 02534 02535 02537
01.201809050064.02.0044.1620959948.seq 02535 02537 02538
01.201809050064.02.0044.1620959948.seq 02537 02538 02539
01.201809050064.02.0044.1620959948.seq 02538 02539 02540
01.201809050064.02.0044.1620959948.seq 02539 02540 02541
01.201809050064.02.0044.1620959948.seq 02541 02542 02545
01.201809050064.02.0044.1620959948.seq 02542 02545 02546
01.201809050064.02.0044.1620959948.seq 02545 02546 02547
01.201809050064.02.0044.1620959948.seq 02546 02547 02548
01.201809050064.02.0044.1620959948.seq 02547 02548 02549
01.201809050064.02.0044.1620959948.seq 02548 02549 02550
01.201809050064.02.0044.1620959948.seq 02549 02550 02551
01.201809050064.02.0044.1620959948.seq 02550 02551 02554
01.201809050064.02.0044.1620959948.seq 02551 02554 02556
01.201809050064.02.0044.1620959948.seq 02554 02556 02559
01.201809050064.02.0044.1620959948.seq 02556 02559 02560
01.201809050064.02.0044.1620959948.seq 02559 02560 02561
01.201809050064.02.0044.1620959948.seq 02560 02561 02562
01.201809050064.02.0044.1620959948.seq 02561 02562 02563
01.201809050064.02.0044.1620959948.seq 02562 02563 02565
01.201809050064.02.0044.1620959948.seq 02563 02565 02566
01.201809050064.02.0044.1620959948.seq 02565 02566 02567
01.201809050064.02.0044.1620959948.seq 02583 02584 02586
01.201809050064.02.0044.1620959948.seq 02624 02626 02629
01.201809050064.02.0044.1620959948.seq 02638 02639 02640
01.201809050064.02.0044.1620959948.seq 02639 02640 02642
01.201809050064.02.0044.1620959948.seq 02640 02642 02643
01.201809050064.02.0044.1620959948.seq 02642 02643 02644
01.201809050064.02.0044.1620959948.seq 02649 02652 02653
01.201809050064.02.0044.1620959948.seq 02667 02668 02669
01.201809050064.02.0044.1620959948.seq 02668 02669 02672
01.201809050064.02.0044.1620959948.seq 02669 02672 02673
01.201809050064.02.0044.1620959948.seq 02672 02673 02674
01.201809050064.02.0044.1620959948.seq 02678 02679 02682
01.201809050064.02.0044.1620959948.seq 03127 03128 03129
01.201809050064.02.0044.1620959948.seq 03128 03129 03131
01.201809050064.02.0044.1620959948.seq 03136 03138 03139
01.201809050064.02.0044.1620959948.seq 03138 03139 03140
01.201809050064.02.0044.1620959948.seq 03139 03140 03141
01.201809050064.02.0044.1620959948.seq 03151 03152 03154
01.201809050064.02.0044.1620959948.seq 03169 03170 03171
01.201809050064.02.0044.1620959948.seq 03170 03171 03172
01.201809050064.02.0044.1620959948.seq 03171 03172 03173
01.201809050064.02.0044.1620959948.seq 03172 03173 03175
01.201809050064.02.0044.1620959948.seq 03173 03175 03176
01.201809050064.02.0044.1620959948.seq 03175 03176 03177
01.201809050064.02.0044.1620959948.seq 03176 03177 03178
01.201809050064.02.0044.1620959948.seq 03177 03178 03179
01.201809050064.02.0044.1620959948.seq 03178 03179 03181
01.201809050064.02.0044.1620959948.seq 03179 03181 03182
01.201809050064.02.0044.1620959948.seq 03181 03182 03183
01.201809050064.02.0044.1620959948.seq 03202 03203 03205
01.201809050064.02.0044.1620959948.seq 03203 03205 03206
01.201809050064.02.0044.1620959948.seq 03205 03206 03209
01.201809050064.02.0044.1620959948.seq 03206 03209 03210
01.201809050064.02.0044.1620959948.seq 03214 03217 03219
01.201809050064.02.0044.1620959948.seq 03217 03219 03220
01.201809050064.02.0044.1620959948.seq 03219 03220 03222
01.201809050064.02.0044.1620959948.seq 03220 03222 03223
01.201809050064.02.0044.1620959948.seq 03222 03223 03224
01.201809050064.02.0044.1620959948.seq 03224 03226 03229
01.201809050064.02.0044.1620959948.seq 03226 03229 03230
01.201809050064.02.0044.1620959948.seq 03229 03230 03233
01.201809050064.02.0044.1620959948.seq 03230 03233 03235
01.201809050064.02.0044.1620959948.seq 03233 03235 03238
01.201809050064.02.0044.1620959948.seq 03235 03238 03241
01.201809050064.02.0044.1620959948.seq 03251 03252 03254
01.201809050064.02.0044.1620959948.seq 03252 03254 03255
01.201809050064.02.0044.1620959948.seq 03261 03262 03264
01.201809050064.02.0044.1620959948.seq 03262 03264 03265
01.201809050064.02.0044.1620959948.seq 03784 03787 03788
01.201809050064.02.0044.1620959948.seq 03787 03788 03789
01.201809050064.02.0044.1620959948.seq 03789 03790 03791
01.201809050064.02.0044.1620959948.seq 03822 03823 03825
01.201809050064.02.0044.1620959948.seq 03823 03825 03828
01.201809050064.02.0044.1620959948.seq 03869 03872 03874
01.201809050064.02.0044.1620959948.seq 03872 03874 03876
01.201809050064.02.0044.1620959948.seq 03874 03876 03878
01.201809050064.02.0044.1620959948.seq 03888 03890 03893
01.201809050064.02.0044.1620959948.seq 03897 03898 03899
01.201809050064.02.0044.1620959948.seq 03931 03932 03934
01.201809050064.02.0044.1620959948.seq 03932 03934 03935
01.201809050064.02.0044.1620959948.seq 03934 03935 03936
01.201809050064.02.0044.1620959948.seq 03935 03936 03937
01.201809050064.02.0044.1620959948.seq 03950 03953 03956
01.201809050064.02.0044.1620959948.seq 03953 03956 03957
01.201809050064.02.0044.1620959948.seq 03956 03957 03958
01.201809050064.02.0044.1620959948.seq 03957 03958 03960
01.201809050064.02.0044.1620959948.seq 03958 03960 03962
01.201809050064.02.0044.1620959948.seq 03980 03981 03982
01.201809050064.02.0044.1620959948.seq 03981 03982 03983
01.201809050064.02.0044.1620959948.seq 04169 04170 04171
01.201809050064.02.0044.1620959948.seq 04170 04171 04173
01.201809050064.02.0044.1620959948.seq 04171 04173 04175
01.201809050064.02.0044.1620959948.seq 04181 04182 04184
01.201809050064.02.0044.1620959948.seq 04182 04184 04185
01.201809050064.02.0044.1620959948.seq 04185 04187 04188
01.201809050064.02.0044.1620959948.seq 04187 04188 04189
01.201809050064.02.0044.1620959948.seq 04193 04195 04196
01.201809050064.02.0044.1620959948.seq 04195 04196 04198
01.201809050064.02.0044.1620959948.seq 04228 04229 04232
01.201809050064.02.0044.1620959948.seq 04263 04266 04268
01.201809050064.02.0044.1620959948.seq 04266 04268 04270
01.201809050064.02.0044.1620959948.seq 04358 04361 04362
01.201809050064.02.0044.1620959948.seq 04367 04368 04370
01.201809050064.02.0044.1620959948.seq 05287 05288 05289
01.201809050064.02.0044.1620959948.seq 05289 05292 05293
01.201809050064.02.0044.1620959948.seq 05292 05293 05295
01.201809050064.02.0044.1620959948.seq 05368 05370 05372
01.201809050064.02.0044.1620959948.seq 05370 05372 05373
01.201809050064.02.0044.1620959948.seq 05400 05401 05402
01.201809050064.02.0044.1620959948.seq 05426 05429 05431
01.201809050064.02.0044.1620959948.seq 05429 05431 05432
01.201809050064.02.0044.1620959948.seq 05431 05432 05434
01.201809050064.02.0044.1620959948.seq 05432 05434 05435
01.201809050064.02.0044.1620959948.seq 05479 05481 05484
01.201809050064.02.0044.1620959948.seq 05514 05517 05520
01.201810110136.04.0041.1620706560.seq 06206 06209 06211
01.201810110136.04.0041.1620706560.seq 06209 06211 06212
01.201810110136.04.0041.1620706560.seq 06211 06212 06214
01.201810110136.04.0041.1620706560.seq 06870 06872 06875
01.201810110136.04.0041.1620706560.seq 06944 06945 06946
01.201810110136.04.0041.1620706560.seq 06958 06959 06960
01.201810110136.04.0041.1620706560.seq 06959 06960 06963
01.201810110136.04.0041.1620706560.seq 07038 07040 07042
01.201810110136.04.0041.1620706560.seq 07040 07042 07044
01.201810110136.04.0041.1620706560.seq 07053 07055 07058
01.201810110136.04.0041.1620706560.seq 07062 07063 07065
01.201810110136.04.0041.1620706560.seq 07105 07108 07109
01.201810110136.04.0041.1620706560.seq 07108 07109 07112
01.201810110136.04.0041.1620706560.seq 07159 07160 07161
01.201810110136.04.0041.1620706560.seq 07160 07161 07162
01.201810110136.04.0041.1620706560.seq 07161 07162 07163
01.201810110136.04.0041.1620706560.seq 07162 07163 07166
01.201810110136.04.0041.1620706560.seq 07254 07255 07256
01.201810110136.04.0041.1620706560.seq 07255 07256 07257
01.201810110136.04.0041.1620706560.seq 07284 07285 07286
01.201810110136.04.0041.1620706560.seq 07285 07286 07288
01.201810110136.04.0041.1620706560.seq 07286 07288 07289
01.201810110136.04.0041.1620706560.seq 07296 07298 07299
01.201810110136.04.0041.1620706560.seq 07298 07299 07302
01.201810110136.04.0041.1620706560.seq 07338 07340 07341
01.201810110136.04.0041.1620706560.seq 07340 07341 07343
01.201810110136.04.0041.1620706560.seq 07341 07343 07346
01.201810110136.04.0041.1620706560.seq 07343 07346 07349
01.201810110136.04.0041.1620706560.seq 07346 07349 07351
01.201810110136.04.0041.1620706560.seq 07349 07351 07352
01.201810110136.04.0041.1620706560.seq 07358 07361 07364
01.201810110136.04.0041.1620706560.seq 07361 07364 07365
01.201810110136.04.0041.1620706560.seq 07364 07365 07367
01.201810110136.04.0041.1620706560.seq 07368 07369 07370
01.201810110136.04.0041.1620706560.seq 07369 07370 07373
01.201810110136.04.0041.1620706560.seq 07370 07373 07375
01.201810110136.04.0041.1620706560.seq 07379 07380 07381
01.201810110136.04.0041.1620706560.seq 07389 07390 07391
01.201810110136.04.0041.1620706560.seq 07401 07403 07404
01.201810110136.04.0041.1620706560.seq 07403 07404 07405
01.201810110136.04.0041.1620706560.seq 07416 07419 07421
01.201810110136.04.0041.1620706560.seq 07497 07498 07500
01.201810110136.04.0041.1620706560.seq 07517 07518 07520
01.201810110136.04.0041.1620706560.seq 07520 07521 07522
01.201810110136.04.0041.1620706560.seq 07521 07522 07523
01.201810110136.04.0041.1620706560.seq 07551 07552 07555
01.201810110136.04.0041.1620706560.seq 07552 07555 07556
01.201810110136.04.0041.1620706560.seq 07562 07563 07564
01.201810110136.04.0041.1620706560.seq 07563 07564 07565
01.201810110136.04.0041.1620706560.seq 07575 07576 07578
01.201810110136.04.0041.1620706560.seq 07576 07578 07579
01.201810110136.04.0041.1620706560.seq 07578 07579 07580
01.201810110136.04.0041.1620706560.seq 07607 07608 07610
01.201810110136.04.0041.1620706560.seq 07608 07610 07612
01.201810110136.04.0041.1620706560.seq 07617 07619 07620
01.201810110136.04.0041.1620706560.seq 07636 07639 07640
01.201810110136.04.0041.1620706560.seq 07639 07640 07643
01.201810110136.04.0041.1620706560.seq 07640 07643 07646
01.201810110136.04.0041.1620706560.seq 07643 07646 07648
01.201810110136.04.0041.1620706560.seq 07646 07648 07651
01.201810110136.04.0041.1620706560.seq 07663 07666 07669
01.201810110136.04.0041.1620706560.seq 07859 07860 07863
01.201810110136.04.0041.1620706560.seq 07860 07863 07865
01.201810110136.04.0041.1620706560.seq 07863 07865 07867
01.201810110136.04.0041.1620706560.seq 07865 07867 07869
01.201810110136.04.0041.1620706560.seq 07869 07870 07872
01.201810110136.04.0041.1620706560.seq 07870 07872 07874
01.201810110136.04.0041.1620706560.seq 07879 07881 07884
01.201810110136.04.0041.1620706560.seq 07881 07884 07885
01.201810110136.04.0041.1620706560.seq 07884 07885 07887
01.201810110136.04.0041.1620706560.seq 08053 08054 08055
01.201810110136.04.0041.1620706560.seq 08054 08055 08056
01.201810110136.04.0041.1620706560.seq 08057 08058 08059
01.201810110136.04.0041.1620706560.seq 08058 08059 08060
01.201810110136.04.0041.1620706560.seq 08059 08060 08061
01.201810110136.04.0041.1620706560.seq 08060 08061 08063
01.201810110136.04.0041.1620706560.seq 08061 08063 08066
01.201810110136.04.0041.1620706560.seq 08079 08081 08082
01.201810110136.04.0041.1620706560.seq 08081 08082 08083
01.201810110136.04.0041.1620706560.seq 08082 08083 08084
01.201810110136.04.0041.1620706560.seq 08083 08084 08086
01.201810110136.04.0041.1620706560.seq 08084 08086 08089
01.201810110136.04.0041.1620706560.seq 08086 08089 08091
01.201810110136.04.0041.1620706560.seq 08105 08106 08107
01.201810110136.04.0041.1620706560.seq 08106 08107 08110
01.201810110136.04.0041.1620706560.seq 08107 08110 08111
01.201810110136.04.0041.1620706560.seq 08124 08125 08127
01.201810110136.04.0041.1620706560.seq 08125 08127 08128
01.201810110136.04.0041.1620706560.seq 08127 08128 08129
01.201810110136.04.0041.1620706560.seq 08128 08129 08130
01.201810110136.04.0041.1620706560.seq 08129 08130 08131
01.201810110136.04.0041.1620706560.seq 08137 08139 08141
01.201810110136.04.0041.1620706560.seq 08202 08203 08205
01.201810110136.04.0041.1620706560.seq 08203 08205 08207
01.201810110136.04.0041.1620706560.seq 08205 08207 08208
01.201810110136.04.0041.1620706560.seq 08207 08208 08210
01.201810110136.04.0041.1620706560.seq 08237 08238 08239
01.201810110136.04.0041.1620706560.seq 08238 08239 08241
01.201810110136.04.0041.1620706560.seq 08245 08246 08249
01.201810110136.04.0041.1620706560.seq 08246 08249 08250
01.201810110136.04.0041.1620706560.seq 08249 08250 08253
01.201810110136.04.0041.1620706560.seq 08250 08253 08254
01.201810110136.04.0041.1620706560.seq 08253 08254 08255
01.201810110136.04.0041.1620706560.seq 08254 08255 08256
01.201810110136.04.0041.1620706560.seq 08255 08256 08257
01.201810110136.04.0041.1620706560.seq 08267 08269 08272
01.201810110136.04.0041.1620706560.seq 08269 08272 08273
01.201810110136.04.0041.1620706560.seq 08272 08273 08276
01.201810110136.04.0041.1620706560.seq 08273 08276 08277
01.201810110136.04.0041.1620706560.seq 08368 08371 08373
01.201810110136.04.0041.1620706560.seq 08371 08373 08374
01.201810110136.04.0041.1620706560.seq 08373 08374 08375
01.201810110136.04.0041.1620706560.seq 08374 08375 08377
01.201810110136.04.0041.1620706560.seq 08375 08377 08378
01.201810110136.04.0041.1620706560.seq 08377 08378 08379
01.201810110136.04.0041.1620706560.seq 08378 08379 08380
01.201810110136.04.0041.1620706560.seq 08379 08380 08382
01.201810110136.04.0041.1620706560.seq 08462 08464 08466
01.201810110136.04.0041.1620706560.seq 08464 08466 08469
01.201810110136.04.0041.1620706560.seq 08469 08471 08472
01.201810110136.04.0041.1620706560.seq 08471 08472 08474
01.201810110136.04.0041.1620706560.seq 08524 08527 08529
01.201810110136.04.0041.1620706560.seq 08527 08529 08532
01.201810110136.04.0041.1620706560.seq 08861 08863 08866
01.201810110136.04.0041.1620706560.seq 08863 08866 08868
01.201810110136.04.0041.1620706560.seq 08866 08868 08871
01.201810110136.04.0041.1620706560.seq 08886 08889 08891
01.201810110136.04.0041.1620706560.seq 08898 08900 08903
01.201810110136.04.0041.1620706560.seq 08900 08903 08905
01.201810110136.04.0041.1620706560.seq 08903 08905 08906
01.201810110136.04.0041.1620706560.seq 08912 08915 08918
01.201810110136.04.0041.1620706560.seq 08915 08918 08920
01.201810110136.04.0041.1620706560.seq 08925 08926 08927
01.201810110136.04.0041.1620706560.seq 08956 08957 08958
01.201810110136.04.0041.1620706560.seq 08970 08973 08975
01.201810110136.04.0041.1620706560.seq 08973 08975 08978
01.201810110136.04.0041.1620706560.seq 08982 08985 08988
01.201810110136.04.0041.1620706560.seq 08985 08988 08989
01.201810110136.04.0041.1620706560.seq 08988 08989 08990
01.201810110136.04.0041.1620706560.seq 08989 08990 08991
01.201810110136.04.0041.1620706560.seq 09054 09057 09058
01.201810110136.04.0041.1620706560.seq 09057 09058 09059
01.201810110136.04.0041.1620706560.seq 09058 09059 09061
01.201810110136.04.0041.1620706560.seq 09059 09061 09062
01.201810110136.04.0041.1620706560.seq 09061 09062 09063
01.201810110136.04.0041.1620706560.seq 09085 09088 09089
01.201810110136.04.0041.1620706560.seq 09088 09089 09091
01.201810110136.04.0041.1620706560.seq 09113 09114 09116
01.201810110136.04.0041.1620706560.seq 09242 09243 09245
01.201810110136.04.0041.1620706560.seq 09243 09245 09246
01.201810110136.04.0041.1620706560.seq 09246 09247 09249
01.201810110136.04.0041.1620706560.seq 09247 09249 09250
01.201810110136.04.0041.1620706560.seq 09254 09255 09257
01.201810110136.04.0041.1620706560.seq 09255 09257 09258
01.201810110136.04.0041.1620706560.seq 09258 09260 09262
01.201810110136.04.0041.1620706560.seq 09262 09264 09267
01.201810110136.04.0041.1620706560.seq 09267 09269 09271
01.201810110136.04.0041.1620706560.seq 09269 09271 09273
01.201810110136.04.0041.1620706560.seq 09303 09304 09306
01.201810110136.04.0041.1620706560.seq 09304 09306 09307
01.201810110136.04.0041.1620706560.seq 09328 09331 09334
01.201810110136.04.0041.1620706560.seq 09760 09761 09762
01.201810110136.04.0041.1620706560.seq 09761 09762 09763
01.201810110136.04.0041.1620706560.seq 09762 09763 09764
01.201810110136.04.0041.1620706560.seq 09763 09764 09766
01.201810110136.04.0041.1620706560.seq 09764 09766 09767
01.201810110136.04.0041.1620706560.seq 09766 09767 09768
01.201810110136.04.0041.1620706560.seq 09767 09768 09769
01.201810110136.04.0041.1620706560.seq 09768 09769 09772
01.201810110136.04.0041.1620706560.seq 09769 09772 09774
01.201810110136.04.0041.1620706560.seq 09772 09774 09775
01.201810110136.04.0041.1620706560.seq 09774 09775 09776
01.201810110136.04.0041.1620706560.seq 10007 10010 10011
01.201810110136.04.0041.1620706560.seq 10010 10011 10012
01.201810110136.04.0041.1620706560.seq 10011 10012 10014
01.201810110136.04.0041.1620706560.seq 10012 10014 10016
01.201810110136.04.0041.1620706560.seq 10014 10016 10017
01.201810110136.04.0041.1620706560.seq 10016 10017 10018
01.201810110136.04.0041.1620706560.seq 10108 10111 10112
01.201810110136.04.0041.1620706560.seq 10116 10118 10119
01.201810110136.04.0041.1620706560.seq 10119 10120 10122
01.201810110136.04.0041.1620706560.seq 10133 10134 10136
01.201810110136.04.0041.1620706560.seq 10134 10136 10137
01.201810110136.04.0041.1620706560.seq 10136 10137 10139
01.201810110136.04.0041.1620706560.seq 10137 10139 10140
01.201810110136.04.0041.1620706560.seq 10139 10140 10141
01.201810110136.04.0041.1620706560.seq 10140 10141 10142
01.201810110136.04.0041.1620706560.seq 10141 10142 10143
01.201810110136.04.0041.1620706560.seq 10142 10143 10144
01.201810110136.04.0041.1620706560.seq 10143 10144 10145
01.201810110136.04.0041.1620706560.seq 10246 10247 10248
01.201810110136.04.0041.1620706560.seq 10247 10248 10250
01.201810110136.04.0041.1620706560.seq 10248 10250 10251
01.201810110136.04.0041.1620706560.seq 10250 10251 10252
01.201810110136.04.0041.1620706560.seq 10251 10252 10255
01.201810110136.04.0041.1620706560.seq 10252 10255 10257
01.201810110136.04.0041.1620706560.seq 10255 10257 10258
01.201810110136.04.0041.1620706560.seq 10266 10267 10269
01.201810110136.04.0041.1620706560.seq 10314 10315 10316
01.201810110136.04.0041.1620706560.seq 10315 10316 10317
01.201810110136.04.0041.1620706560.seq 10316 10317 10319
01.201810110136.04.0041.1620706560.seq 10317 10319 10320
01.201810110136.04.0041.1620706560.seq 10320 10321 10322
01.201810110136.04.0041.1620706560.seq 10321 10322 10323
01.201810110136.04.0041.1620706560.seq 10322 10323 10324
01.201810110136.04.0041.1620706560.seq 10323 10324 10327
01.201810110136.04.0041.1620706560.seq 10324 10327 10329
01.201810110136.04.0041.1620706560.seq 10327 10329 10330
01.201810110136.04.0041.1620706560.seq 10348 10349 10350
01.201810110136.04.0041.1620706560.seq 10349 10350 10351
01.201810110136.04.0041.1620706560.seq 10351 10353 10355
01.201810110136.04.0041.1620706560.seq 10391 10393 10394
01.201810110136.04.0041.1620706560.seq 13383 13386 13388
01.201810110136.04.0041.1620706560.seq 13401 13402 13403
01.201810110136.04.0041.1620706560.seq 13402 13403 13404
01.201810110136.04.0041.1620706560.seq 13403 13404 13405
01.201810110136.04.0041.1620706560.seq 13404 13405 13406
01.201810110136.04.0041.1620706560.seq 13405 13406 13409
01.201810110136.04.0041.1620706560.seq 13406 13409 13410
01.201810110136.04.0041.1620706560.seq 13409 13410 13411
01.201810110136.04.0041.1620706560.seq 13410 13411 13413
01.201810110136.04.0041.1620706560.seq 13418 13421 13422
01.201810110136.04.0041.1620706560.seq 13421 13422 13424
01.201810110136.04.0041.1620706560.seq 13422 13424 13426
01.201810110136.04.0041.1620706560.seq 13424 13426 13428
01.201810110136.04.0041.1620706560.seq 13559 13562 13564
01.201810110136.04.0041.1620706560.seq 13589 13591 13594
01.201810110136.04.0041.1620706560.seq 13591 13594 13595
01.201810110136.04.0041.1620706560.seq 13594 13595 13596
01.201810110136.04.0041.1620706560.seq 13595 13596 13597
01.201810110136.04.0041.1620706560.seq 13596 13597 13599
01.201810110136.04.0041.1620706560.seq 13597 13599 13601
01.201810110136.04.0041.1620706560.seq 13599 13601 13603
01.201810110136.04.0041.1620706560.seq 13952 13953 13954
01.201810110136.04.0041.1620706560.seq 13953 13954 13955
01.201810110136.04.0041.1620706560.seq 13954 13955 13957
01.201810110136.04.0041.1620706560.seq 13955 13957 13959
01.201810110136.04.0041.1620706560.seq 13957 13959 13962
01.201810110136.04.0041.1620706560.seq 13959 13962 13964
01.201810110136.04.0041.1620706560.seq 13989 13990 13992
01.201810110136.04.0041.1620706560.seq 13990 13992 13993
01.201810110136.04.0041.1620706560.seq 13992 13993 13994
01.201810110136.04.0041.1620706560.seq 13993 13994 13995
01.201810110136.04.0041.1620706560.seq 13994 13995 13997
01.201810110136.04.0041.1620706560.seq 13997 13998 13999
01.201810110136.04.0041.1620706560.seq 14013 14014 14016
01.201810110136.04.0041.1620706560.seq 14014 14016 14017
01.201810110136.04.0041.1620706560.seq 14025 14027 14030
01.201810110136.04.0041.1620706560.seq 14070 14071 14072
01.201810110136.04.0041.1620706560.seq 14071 14072 14074
01.201810110136.04.0041.1620706560.seq 14125 14127 14129
01.201810110136.04.0041.1620706560.seq 14140 14142 14144
01.201810110136.04.0041.1620706560.seq 14149 14152 14153
01.201810110136.04.0041.1620706560.seq 14152 14153 14156
01.201810110136.04.0041.1620706560.seq 14253 14254 14255
01.201810110136.04.0041.1620706560.seq 14254 14255 14256
01.201810110136.04.0041.1620706560.seq 14255 14256 14259
01.201810110136.04.0041.1620706560.seq 14256 14259 14261
01.201810110136.04.0041.1620706560.seq 14259 14261 14262
01.201810110136.04.0041.1620706560.seq 14261 14262 14263
01.201810110136.04.0041.1620706560.seq 14262 14263 14264
01.201810110136.04.0041.1620706560.seq 14263 14264 14265
01.201810110136.04.0041.1620706560.seq 14264 14265 14266
01.201810110136.04.0041.1620706560.seq 14265 14266 14267
01.201810110136.04.0041.1620706560.seq 14266 14267 14269
01.201810110136.04.0041.1620706560.seq 14269 14271 14274
01.201810110136.04.0041.1620706560.seq 14271 14274 14276
01.201810110136.04.0041.1620706560.seq 14284 14286 14287
01.201810110136.04.0041.1620706560.seq 14457 14458 14459
01.201810110136.04.0041.1620706560.seq 14682 14683 14684
01.201810110136.04.0041.1620706560.seq 14732 14734 14736
01.201810110136.04.0041.1620706560.seq 14734 14736 14737
01.201810110136.04.0041.1620706560.seq 14748 14749 14752
01.201810110136.04.0041.1620706560.seq 14749 14752 14753
01.201810110136.04.0041.1620706560.seq 14752 14753 14755
01.201810110136.04.0041.1620706560.seq 14753 14755 14756
01.201810110136.04.0041.1620706560.seq 14755 14756 14758
01.201810110136.04.0041.1620706560.seq 14777 14779 14781
01.201810110136.04.0041.1620706560.seq 14779 14781 14784
01.201810110136.04.0041.1620706560.seq 14799 14800 14801
01.201810110136.04.0041.1620706560.seq 14800 14801 14802
01.201810110136.04.0041.1620706560.seq 14802 14803 14806
01.201810110136.04.0041.1620706560.seq 15094 15096 15098
01.201810110136.04.0041.1620706560.seq 15096 15098 15099
01.201810110136.04.0041.1620706560.seq 15113 15116 15117
01.201810110136.04.0041.1620706560.seq 15116 15117 15118
01.201810110136.04.0041.1620706560.seq 15117 15118 15119
01.201810110136.04.0041.1620706560.seq 15118 15119 15120
01.201810110136.04.0041.1620706560.seq 15119 15120 15121
01.201810110136.04.0041.1620706560.seq 15120 15121 15124
01.201810110136.04.0041.1620706560.seq 15121 15124 15126
01.201810110136.04.0041.1620706560.seq 15146 15149 15151
01.201810110136.04.0041.1620706560.seq 15175 15177 15178
01.201810110136.04.0041.1620706560.seq 15215 15216 15217
01.201810110136.04.0041.1620706560.seq 15242 15243 15245
01.201810110136.04.0041.1620706560.seq 15243 15245 15246
01.201810110136.04.0041.1620706560.seq 15245 15246 15247
01.201810110136.04.0041.1620706560.seq 15246 15247 15248
01.201810110136.04.0041.1620706560.seq 15247 15248 15250
01.201810110136.04.0041.1620706560.seq 15248 15250 15251
01.201810110136.04.0041.1620706560.seq 15250 15251 15253
01.201810110136.04.0041.1620706560.seq 15251 15253 15255
01.201810110136.04.0041.1620706560.seq 15253 15255 15256
01.201810110136.04.0041.1620706560.seq 15256 15258 15259
01.201810110136.04.0041.1620706560.seq 15258 15259 15260
01.201810110136.04.0041.1620706560.seq 15259 15260 15261
01.201810110136.04.0041.1620706560.seq 15260 15261 15262
01.201810110136.04.0041.1620706560.seq 15261 15262 15263
01.201810110136.04.0041.1620706560.seq 15262 15263 15264
01.201810110136.04.0041.1620706560.seq 15263 15264 15265
01.201810110136.04.0041.1620706560.seq 15302 15305 15307
01.201810110136.04.0041.1620706560.seq 15305 15307 15310
01.201810110136.04.0041.1620706560.seq 15358 15361 15362
01.201810110136.04.0041.1620706560.seq 15361 15362 15364
01.201810110136.04.0041.1620706560.seq 15362 15364 15366
01.201810110136.04.0041.1620706560.seq 15364 15366 15367
01.201810110136.04.0041.1620706560.seq 15366 15367 15368
01.201810110136.04.0041.1620706560.seq 15367 15368 15369
01.201810110136.04.0041.1620706560.seq 15368 15369 15370
01.202012210067.02.0073.1617331753.seq 02042 02044 02047
01.202012210067.02.0073.1617331753.seq 03052 03054 03056
01.202012210067.02.0073.1617331753.seq 03054 03056 03057
01.202012210067.02.0073.1617331753.seq 06862 06864 06867
01.202012210067.02.0073.1617331753.seq 06864 06867 06868
01.202012210067.02.0073.1617331753.seq 06867 06868 06869
01.202012210067.02.0073.1617331753.seq 06868 06869 06870
01.202012210067.02.0073.1617331753.seq 06869 06870 06871
01.202012210067.02.0073.1617331753.seq 06870 06871 06872
01.202012210067.02.0073.1617331753.seq 06957 06959 06962
01.202012210067.02.0073.1617331753.seq 06959 06962 06963
01.202012210067.02.0073.1617331753.seq 06962 06963 06965
01.202012210067.02.0073.1617331753.seq 06963 06965 06966
01.202012210067.02.0073.1617331753.seq 06965 06966 06967
01.202012210067.02.0073.1617331753.seq 06973 06976 06978
01.202012210067.02.0073.1617331753.seq 06976 06978 06979
01.202012210067.02.0073.1617331753.seq 07007 07008 07009
01.202012210067.02.0073.1617331753.seq 07008 07009 07011
01.202012210067.02.0073.1617331753.seq 07011 07013 07015
01.202012210067.02.0073.1617331753.seq 07015 07018 07019
01.202012210067.02.0073.1617331753.seq 07018 07019 07022
01.202012210067.02.0073.1617331753.seq 07019 07022 07023
01.202012210067.02.0073.1617331753.seq 07022 07023 07025
01.202012210067.02.0073.1617331753.seq 07023 07025 07027
01.202012210067.02.0073.1617331753.seq 07025 07027 07029
01.202012210067.02.0073.1617331753.seq 07027 07029 07030
01.202012210067.02.0073.1617331753.seq 07029 07030 07031
01.202012210067.02.0073.1617331753.seq 07030 07031 07032
01.202012210067.02.0073.1617331753.seq 07031 07032 07035
01.202012210067.02.0073.1617331753.seq 07032 07035 07036
01.202012210067.02.0073.1617331753.seq 07035 07036 07038
01.202012210067.02.0073.1617331753.seq 07036 07038 07040
01.202012210067.02.0073.1617331753.seq 07038 07040 07042
01.202012210067.02.0073.1617331753.seq 07040 07042 07043
01.202012210067.02.0073.1617331753.seq 07047 07049 07052
01.202012210067.02.0073.1617331753.seq 07049 07052 07054
01.202012210067.02.0073.1617331753.seq 07052 07054 07055
01.202012210067.02.0073.1617331753.seq 07054 07055 07057
01.202012210067.02.0073.1617331753.seq 07132 07133 07135
01.202012210067.02.0073.1617331753.seq 07141 07143 07146
01.202012210067.02.0073.1617331753.seq 07143 07146 07147
01.202012210067.02.0073.1617331753.seq 07146 07147 07148
01.202012210067.02.0073.1617331753.seq 07260 07261 07262
01.202012210067.02.0073.1617331753.seq 07261 07262 07264
01.202012210067.02.0073.1617331753.seq 07262 07264 07266
01.202012210067.02.0073.1617331753.seq 07264 07266 07267
01.202012210067.02.0073.1617331753.seq 07281 07282 07283
01.202012210067.02.0073.1617331753.seq 07282 07283 07284
01.202012210067.02.0073.1617331753.seq 07283 07284 07287
01.202012210067.02.0073.1617331753.seq 07284 07287 07288
01.202012210067.02.0073.1617331753.seq 07287 07288 07289
01.202012210067.02.0073.1617331753.seq 07288 07289 07291
01.202012210067.02.0073.1617331753.seq 07289 07291 07292
01.202012210067.02.0073.1617331753.seq 07291 07292 07293
01.202012210067.02.0073.1617331753.seq 07292 07293 07294
01.202012210067.02.0073.1617331753.seq 07294 07296 07297
01.202012210067.02.0073.1617331753.seq 07296 07297 07299
01.202012210067.02.0073.1617331753.seq 07297 07299 07301
01.202012210067.02.0073.1617331753.seq 07305 07308 07311
01.202012210067.02.0073.1617331753.seq 07308 07311 07314
01.202012210067.02.0073.1617331753.seq 07318 07319 07321
01.202012210067.02.0073.1617331753.seq 07329 07331 07332
01.202012210067.02.0073.1617331753.seq 07331 07332 07333
01.202012210067.02.0073.1617331753.seq 07332 07333 07335
01.202012210067.02.0073.1617331753.seq 07333 07335 07336
01.202012210067.02.0073.1617331753.seq 07342 07343 07345
01.202012210067.02.0073.1617331753.seq 07345 07346 07348
01.202012210067.02.0073.1617331753.seq 10664 10666 10668
01.202012210067.02.0073.1617331753.seq 10666 10668 10669
01.202012210067.02.0073.1617331753.seq 10747 10748 10749
01.202012210067.02.0073.1617331753.seq 10748 10749 10752
01.202012210067.02.0073.1617331753.seq 10749 10752 10755
01.202012210067.02.0073.1617331753.seq 10921 10923 10926
01.202012210067.02.0073.1617331753.seq 12096 12098 12100
01.202012210067.02.0073.1617331753.seq 12098 12100 12101
01.202012210067.02.0073.1617331753.seq 12130 12131 12133
01.202012210067.02.0073.1617331753.seq 12131 12133 12135
01.202012210067.02.0073.1617331753.seq 12133 12135 12136
01.202012210067.02.0073.1617331753.seq 12135 12136 12138
01.202012210067.02.0073.1617331753.seq 12441 12443 12444
01.202012210067.02.0073.1617331753.seq 12452 12453 12454
01.202012210067.02.0073.1617331753.seq 12454 12455 12457
01.202012210067.02.0073.1617331753.seq 12455 12457 12458
01.202012210067.02.0073.1617331753.seq 12457 12458 12459
01.202012210067.02.0073.1617331753.seq 12458 12459 12460
01.202012210067.02.0073.1617331753.seq 12459 12460 12463
01.202012210067.02.0073.1617331753.seq 12460 12463 12466
01.202012210067.02.0073.1617331753.seq 12463 12466 12467
01.202012210067.02.0073.1617331753.seq 12466 12467 12468
01.202012210067.02.0073.1617331753.seq 12467 12468 12469
01.202012210067.02.0073.1617331753.seq 12469 12470 12472
01.202012210067.02.0073.1617331753.seq 12470 12472 12473
01.202012210067.02.0073.1617331753.seq 12472 12473 12475
01.202012210067.02.0073.1617331753.seq 12473 12475 12477
01.202012210067.02.0073.1617331753.seq 12479 12481 12484
01.202012210067.02.0073.1617331753.seq 12481 12484 12485
01.202012210067.02.0073.1617331753.seq 12484 12485 12488
01.202012210067.02.0073.1617331753.seq 12488 12491 12493
01.202012210067.02.0073.1617331753.seq 13075 13078 13079
01.202012210067.02.0073.1617331753.seq 13091 13093 13096
01.202012210067.02.0073.1617331753.seq 13093 13096 13099
01.202012210067.02.0073.1617331753.seq 15951 15954 15956
01.202012210067.02.0073.1617331753.seq 15954 15956 15959
01.202012210067.02.0073.1617331753.seq 15956 15959 15961
01.202012210067.02.0073.1617331753.seq 15959 15961 15963
01.202012210067.02.0073.1617331753.seq 15961 15963 15966
01.202012210067.02.0073.1617331753.seq 16495 16498 16500
01.202012210067.02.0073.1617331753.seq 16498 16500 16502
01.202012210067.02.0073.1617331753.seq 16506 16509 16512
01.202012210067.02.0073.1617331753.seq 16509 16512 16515
01.202012210067.02.0073.1617331753.seq 16512 16515 16516
01.202012210067.02.0073.1617331753.seq 16515 16516 16519
01.202012210067.02.0073.1617331753.seq 16852 16853 16855
01.202103310064.01.0018.1617158192.seq 00925 00927 00928
01.202103310064.01.0018.1617158192.seq 00927 00928 00929
01.202103310064.01.0018.1617158192.seq 00928 00929 00930
01.202103310064.01.0018.1617158192.seq 00929 00930 00931
01.202103310064.01.0018.1617158192.seq 00930 00931 00932
01.202103310064.01.0018.1617158192.seq 00931 00932 00934
01.202103310064.01.0018.1617158192.seq 00932 00934 00935
01.202103310064.01.0018.1617158192.seq 00934 00935 00937
01.202103310064.01.0018.1617158192.seq 00935 00937 00938
01.202103310064.01.0018.1617158192.seq 00937 00938 00940
01.202103310064.01.0018.1617158192.seq 00938 00940 00941
01.202103310064.01.0018.1617158192.seq 00940 00941 00942
01.202103310064.01.0018.1617158192.seq 00941 00942 00943
01.202103310064.01.0018.1617158192.seq 00942 00943 00944
01.202103310064.01.0018.1617158192.seq 00943 00944 00945
01.202103310064.01.0018.1617158192.seq 00944 00945 00946
01.202103310064.01.0018.1617158192.seq 00945 00946 00947
01.202103310064.01.0018.1617158192.seq 00946 00947 00949
01.202103310064.01.0018.1617158192.seq 00947 00949 00950
01.202103310064.01.0018.1617158192.seq 00949 00950 00951
01.202103310064.01.0018.1617158192.seq 00950 00951 00952
01.202103310064.01.0018.1617158192.seq 00952 00954 00956
01.202103310064.01.0018.1617158192.seq 00954 00956 00958
01.202103310064.01.0018.1617158192.seq 00956 00958 00961
01.202103310064.01.0018.1617158192.seq 00958 00961 00962
01.202103310064.01.0018.1617158192.seq 00961 00962 00963
01.202103310064.01.0018.1617158192.seq 00962 00963 00964
01.202103310064.01.0018.1617158192.seq 00964 00965 00966
01.202103310064.01.0018.1617158192.seq 00966 00967 00968
01.202103310064.01.0018.1617158192.seq 00967 00968 00969
01.202103310064.01.0018.1617158192.seq 00968 00969 00970
01.202103310064.01.0018.1617158192.seq 00969 00970 00971
01.202103310064.01.0018.1617158192.seq 00970 00971 00972
01.202103310064.01.0018.1617158192.seq 00971 00972 00973
01.202103310064.01.0018.1617158192.seq 00972 00973 00974
01.202103310064.01.0018.1617158192.seq 00973 00974 00976
01.202103310064.01.0018.1617158192.seq 00974 00976 00977
01.202103310064.01.0018.1617158192.seq 00976 00977 00978
01.202103310064.01.0018.1617158192.seq 00983 00984 00985
01.202103310064.01.0018.1617158192.seq 00984 00985 00987
01.202103310064.01.0018.1617158192.seq 00985 00987 00989
01.202103310064.01.0018.1617158192.seq 00987 00989 00990
01.202103310064.01.0018.1617158192.seq 00989 00990 00991
01.202103310064.01.0018.1617158192.seq 00990 00991 00992
01.202103310064.01.0018.1617158192.seq 01016 01017 01019
01.202103310064.01.0018.1617158192.seq 01017 01019 01022
01.202103310064.01.0018.1617158192.seq 01031 01032 01035
01.202103310064.01.0018.1617158192.seq 01032 01035 01038
01.202103310064.01.0018.1617158192.seq 01035 01038 01040
01.202103310064.01.0018.1617158192.seq 01049 01050 01052
01.202103310064.01.0018.1617158192.seq 01050 01052 01054
01.202103310064.01.0018.1617158192.seq 01082 01083 01084
01.202103310064.01.0018.1617158192.seq 01083 01084 01085
01.202103310064.01.0018.1617158192.seq 01084 01085 01086
01.202103310064.01.0018.1617158192.seq 01085 01086 01088
01.202103310064.01.0018.1617158192.seq 01088 01089 01090
01.202103310064.01.0018.1617158192.seq 01089 01090 01092
01.202103310064.01.0018.1617158192.seq 01100 01103 01105
01.202103310064.01.0018.1617158192.seq 01103 01105 01106
01.202103310064.01.0018.1617158192.seq 01281 01282 01284
01.202103310064.01.0018.1617158192.seq 01282 01284 01286
01.202103310064.01.0018.1617158192.seq 01284 01286 01287
01.202103310064.01.0018.1617158192.seq 01286 01287 01288
01.202103310064.01.0018.1617158192.seq 01287 01288 01289
01.202103310064.01.0018.1617158192.seq 01288 01289 01292
01.202103310064.01.0018.1617158192.seq 01289 01292 01293
01.202103310064.01.0018.1617158192.seq 01326 01329 01331
01.202103310064.01.0018.1617158192.seq 01329 01331 01333
01.202103310064.01.0018.1617158192.seq 01331 01333 01334
01.202103310064.01.0018.1617158192.seq 01333 01334 01335
01.202103310064.01.0018.1617158192.seq 01334 01335 01336
01.202103310064.01.0018.1617158192.seq 01343 01345 01348
01.202103310064.01.0018.1617158192.seq 01345 01348 01350
01.202103310064.01.0018.1617158192.seq 01348 01350 01351
01.202103310064.01.0018.1617158192.seq 01350 01351 01352
01.202103310064.01.0018.1617158192.seq 01351 01352 01353
01.202103310064.01.0018.1617158192.seq 01352 01353 01354
01.202103310064.01.0018.1617158192.seq 01353 01354 01355
01.202103310064.01.0018.1617158192.seq 01361 01362 01363
01.202103310064.01.0018.1617158192.seq 01362 01363 01366
01.202103310064.01.0018.1617158192.seq 01363 01366 01369
01.202103310064.01.0018.1617158192.seq 01369 01370 01372
01.202103310064.01.0018.1617158192.seq 01370 01372 01373
01.202103310064.01.0018.1617158192.seq 01372 01373 01374
01.202103310064.01.0018.1617158192.seq 01373 01374 01375
01.202103310064.01.0018.1617158192.seq 01374 01375 01376
01.202103310064.01.0018.1617158192.seq 01375 01376 01377
01.202103310064.01.0018.1617158192.seq 01376 01377 01378
01.202103310064.01.0018.1617158192.seq 01397 01399 01400
01.202103310064.01.0018.1617158192.seq 01399 01400 01401
01.202103310064.01.0018.1617158192.seq 01400 01401 01404
01.202103310064.01.0018.1617158192.seq 01401 01404 01406
01.202103310064.01.0018.1617158192.seq 01404 01406 01409
01.202103310064.01.0018.1617158192.seq 01416 01418 01419
01.202103310064.01.0018.1617158192.seq 01418 01419 01420
01.202103310064.01.0018.1617158192.seq 01419 01420 01421
01.202103310064.01.0018.1617158192.seq 01420 01421 01422
01.202103310064.01.0018.1617158192.seq 01421 01422 01423
01.202103310064.01.0018.1617158192.seq 01422 01423 01424
01.202103310064.01.0018.1617158192.seq 01423 01424 01426
01.202103310064.01.0018.1617158192.seq 01424 01426 01427
01.202103310064.01.0018.1617158192.seq 01426 01427 01428
01.202103310064.01.0018.1617158192.seq 01427 01428 01429
01.202103310064.01.0018.1617158192.seq 01428 01429 01430
01.202103310064.01.0018.1617158192.seq 01429 01430 01431
01.202103310064.01.0018.1617158192.seq 01430 01431 01432
01.202103310064.01.0018.1617158192.seq 01431 01432 01433
01.202103310064.01.0018.1617158192.seq 01433 01434 01436
01.202103310064.01.0018.1617158192.seq 01434 01436 01437
01.202103310064.01.0018.1617158192.seq 01436 01437 01439
01.202103310064.01.0018.1617158192.seq 01496 01497 01498
01.202103310064.01.0018.1617158192.seq 01497 01498 01500
01.202103310064.01.0018.1617158192.seq 01498 01500 01501
01.202103310064.01.0018.1617158192.seq 01500 01501 01502
01.202103310064.01.0018.1617158192.seq 01506 01507 01509
01.202103310064.01.0018.1617158192.seq 01507 01509 01510
01.202103310064.01.0018.1617158192.seq 01509 01510 01512
01.202103310064.01.0018.1617158192.seq 01510 01512 01514
01.202103310064.01.0018.1617158192.seq 01512 01514 01517
01.202103310064.01.0018.1617158192.seq 01517 01518 01520
01.202103310064.01.0018.1617158192.seq 01518 01520 01522
01.202103310064.01.0018.1617158192.seq 01520 01522 01523
01.202103310064.01.0018.1617158192.seq 01522 01523 01525
01.202103310064.01.0018.1617158192.seq 01523 01525 01527
01.202103310064.01.0018.1617158192.seq 01538 01539 01540
01.202103310064.01.0018.1617158192.seq 01539 01540 01541
01.202103310064.01.0018.1617158192.seq 01540 01541 01542
01.202103310064.01.0018.1617158192.seq 01541 01542 01543
01.202103310064.01.0018.1617158192.seq 01542 01543 01546
01.202103310064.01.0018.1617158192.seq 01543 01546 01549
01.202103310064.01.0018.1617158192.seq 01546 01549 01550
01.202103310064.01.0018.1617158192.seq 01549 01550 01551
01.202103310064.01.0018.1617158192.seq 01550 01551 01552
01.202103310064.01.0018.1617158192.seq 01551 01552 01553
01.202103310064.01.0018.1617158192.seq 01552 01553 01555
01.202103310064.01.0018.1617158192.seq 01560 01561 01562
01.202103310064.01.0018.1617158192.seq 01561 01562 01563
01.202103310064.01.0018.1617158192.seq 01562 01563 01564
01.202103310064.01.0018.1617158192.seq 01563 01564 01565
01.202103310064.01.0018.1617158192.seq 01564 01565 01566
01.202103310064.01.0018.1617158192.seq 01565 01566 01568
01.202103310064.01.0018.1617158192.seq 01566 01568 01569
01.202103310064.01.0018.1617158192.seq 01568 01569 01570
01.202103310064.01.0018.1617158192.seq 01569 01570 01571
01.202103310064.01.0018.1617158192.seq 01570 01571 01573
01.202103310064.01.0018.1617158192.seq 01571 01573 01576
01.202103310064.01.0018.1617158192.seq 01595 01598 01599
01.202103310064.01.0018.1617158192.seq 01599 01600 01602
01.202103310064.01.0018.1617158192.seq 01600 01602 01604
01.202103310064.01.0018.1617158192.seq 01604 01605 01606
01.202103310064.01.0018.1617158192.seq 01605 01606 01608
01.202103310064.01.0018.1617158192.seq 01606 01608 01609
01.202103310064.01.0018.1617158192.seq 01608 01609 01611
01.202103310064.01.0018.1617158192.seq 01616 01617 01618
01.202103310064.01.0018.1617158192.seq 01617 01618 01619
01.202103310064.01.0018.1617158192.seq 01618 01619 01620
01.202103310064.01.0018.1617158192.seq 01619 01620 01623
01.202103310064.01.0018.1617158192.seq 01631 01632 01633
01.202103310064.01.0018.1617158192.seq 01632 01633 01634
01.202103310064.01.0018.1617158192.seq 01634 01636 01637
01.202103310064.01.0018.1617158192.seq 01636 01637 01639
01.202103310064.01.0018.1617158192.seq 01637 01639 01640
01.202103310064.01.0018.1617158192.seq 01639 01640 01641
01.202103310064.01.0018.1617158192.seq 01658 01659 01660
01.202103310064.01.0018.1617158192.seq 01659 01660 01661
01.202103310064.01.0018.1617158192.seq 01660 01661 01662
01.202103310064.01.0018.1617158192.seq 01661 01662 01663
01.202103310064.01.0018.1617158192.seq 01662 01663 01665
01.202103310064.01.0018.1617158192.seq 01663 01665 01666
01.202103310064.01.0018.1617158192.seq 01665 01666 01667
01.202103310064.01.0018.1617158192.seq 01666 01667 01668
01.202103310064.01.0018.1617158192.seq 01721 01722 01724
01.202103310064.01.0018.1617158192.seq 02120 02121 02123
01.202103310064.01.0018.1617158192.seq 02121 02123 02126
01.202103310064.01.0018.1617158192.seq 02179 02180 02183
01.202103310064.01.0018.1617158192.seq 02183 02184 02186
01.202103310064.01.0018.1617158192.seq 02184 02186 02187
01.202103310064.01.0018.1617158192.seq 02186 02187 02188
01.202103310064.01.0018.1617158192.seq 02196 02197 02198
01.202103310064.01.0018.1617158192.seq 02197 02198 02199
01.202103310064.01.0018.1617158192.seq 02203 02206 02207
01.202103310064.01.0018.1617158192.seq 02206 02207 02208
01.202103310064.01.0018.1617158192.seq 02207 02208 02210
01.202103310064.01.0018.1617158192.seq 02208 02210 02213
01.202103310064.01.0018.1617158192.seq 02210 02213 02214
01.202103310064.01.0018.1617158192.seq 02213 02214 02216
01.202103310064.01.0018.1617158192.seq 02230 02232 02235
01.202103310064.01.0018.1617158192.seq 02232 02235 02236
01.202103310064.01.0018.1617158192.seq 02297 02300 02302
01.202103310064.01.0018.1617158192.seq 02300 02302 02304
01.202103310064.01.0018.1617158192.seq 02302 02304 02307
01.202105110051.01.0027.1620700812.seq 03268 03269 03270
01.202105110051.01.0027.1620700812.seq 03269 03270 03271
01.202105110051.01.0027.1620700812.seq 03270 03271 03272
01.202105110051.01.0027.1620700812.seq 03271 03272 03273
01.202105110051.01.0027.1620700812.seq 03273 03274 03275
01.202105110051.01.0027.1620700812.seq 03274 03275 03276
01.202105110051.01.0027.1620700812.seq 03275 03276 03277
01.202105110051.01.0027.1620700812.seq 03276 03277 03279
01.202105110051.01.0027.1620700812.seq 03301 03304 03305
01.202105110051.01.0027.1620700812.seq 03305 03306 03307
01.202105110051.01.0027.1620700812.seq 03306 03307 03308
01.202105110051.01.0027.1620700812.seq 03316 03317 03318
01.202105110051.01.0027.1620700812.seq 03317 03318 03319
01.202105110051.01.0027.1620700812.seq 03319 03320 03322
01.202105110051.01.0027.1620700812.seq 03320 03322 03323
01.202105110051.01.0027.1620700812.seq 03322 03323 03324
01.202105110051.01.0027.1620700812.seq 03323 03324 03326
01.202105110051.01.0027.1620700812.seq 03386 03389 03390
01.202105110051.01.0027.1620700812.seq 03389 03390 03391
01.202105110051.01.0027.1620700812.seq 03390 03391 03392
01.202105110051.01.0027.1620700812.seq 03391 03392 03393
01.202105110051.01.0027.1620700812.seq 03392 03393 03395
01.202105110051.01.0027.1620700812.seq 03393 03395 03397
01.202105110051.01.0027.1620700812.seq 03395 03397 03400
01.202105110051.01.0027.1620700812.seq 03397 03400 03402
01.202105110051.01.0027.1620700812.seq 03400 03402 03403
01.202105110051.01.0027.1620700812.seq 03402 03403 03404
01.202105110051.01.0027.1620700812.seq 03403 03404 03406
01.202105110051.01.0027.1620700812.seq 03404 03406 03407
01.202105110051.01.0027.1620700812.seq 03406 03407 03408
01.202105110051.01.0027.1620700812.seq 03407 03408 03410
01.202105110051.01.0027.1620700812.seq 03408 03410 03411
01.202105110051.01.0027.1620700812.seq 03410 03411 03414
01.202105110051.01.0027.1620700812.seq 03429 03432 03433
01.202105110051.01.0027.1620700812.seq 03448 03449 03450
01.202105110051.01.0027.1620700812.seq 03449 03450 03451
01.202105110051.01.0027.1620700812.seq 03450 03451 03452
01.202105110051.01.0027.1620700812.seq 03451 03452 03453
01.202105110051.01.0027.1620700812.seq 03457 03458 03460
01.202105110051.01.0027.1620700812.seq 03475 03477 03478
01.202105110051.01.0027.1620700812.seq 03477 03478 03479
01.202105110051.01.0027.1620700812.seq 03478 03479 03481
01.202105110051.01.0027.1620700812.seq 03479 03481 03482
01.202105110051.01.0027.1620700812.seq 03481 03482 03485
01.202105110051.01.0027.1620700812.seq 03482 03485 03486
01.202105110051.01.0027.1620700812.seq 03485 03486 03488
01.202105110051.01.0027.1620700812.seq 03520 03521 03524
01.202105110051.01.0027.1620700812.seq 03521 03524 03527
01.202105110051.01.0027.1620700812.seq 03524 03527 03530
01.202105110051.01.0027.1620700812.seq 03527 03530 03531
01.202105110051.01.0027.1620700812.seq 03530 03531 03532
01.202105110051.01.0027.1620700812.seq 03531 03532 03535
01.202105110051.01.0027.1620700812.seq 03532 03535 03536
01.202105110051.01.0027.1620700812.seq 03535 03536 03537
01.202105110051.01.0027.1620700812.seq 03536 03537 03540
01.202105110051.01.0027.1620700812.seq 03537 03540 03541
01.202105110051.01.0027.1620700812.seq 03541 03542 03543
01.202105110051.01.0027.1620700812.seq 03542 03543 03544
01.202105110051.01.0027.1620700812.seq 03543 03544 03545
01.202105110051.01.0027.1620700812.seq 03544 03545 03547
01.202105110051.01.0027.1620700812.seq 03648 03649 03651
01.202105110051.01.0027.1620700812.seq 03649 03651 03653
01.202105110051.01.0027.1620700812.seq 03651 03653 03654
01.202105110051.01.0027.1620700812.seq 03653 03654 03655
01.202105110051.01.0027.1620700812.seq 03656 03658 03659
01.202105110051.01.0027.1620700812.seq 03929 03932 03934
01.202105110051.01.0027.1620700812.seq 03932 03934 03937
01.202105110051.01.0027.1620700812.seq 04051 04054 04056
01.202105110051.01.0027.1620700812.seq 04054 04056 04057
01.202105110051.01.0027.1620700812.seq 04056 04057 04060
01.202105110051.01.0027.1620700812.seq 04057 04060 04061
01.202105110051.01.0027.1620700812.seq 04060 04061 04064
01.202105110051.01.0027.1620700812.seq 04061 04064 04065
01.202105110051.01.0027.1620700812.seq 04064 04065 04067
01.202105110051.01.0027.1620700812.seq 04065 04067 04068
01.202105110051.01.0027.1620700812.seq 04078 04079 04080
01.202105110051.01.0027.1620700812.seq 04079 04080 04083
01.202105110051.01.0027.1620700812.seq 04080 04083 04086
01.202105110051.01.0027.1620700812.seq 04083 04086 04089
01.202105110051.01.0027.1620700812.seq 04086 04089 04091
01.202105110051.01.0027.1620700812.seq 04089 04091 04092
01.202105110051.01.0027.1620700812.seq 04091 04092 04095
01.202105110051.01.0027.1620700812.seq 04107 04108 04110
01.202105110051.01.0027.1620700812.seq 04119 04120 04121
01.202105110051.01.0027.1620700812.seq 04120 04121 04122
01.202105110051.01.0027.1620700812.seq 04121 04122 04123
01.202105110051.01.0027.1620700812.seq 04141 04142 04144
01.202105110051.01.0027.1620700812.seq 04144 04146 04147
01.202105110051.01.0027.1620700812.seq 04146 04147 04149
01.202105110051.01.0027.1620700812.seq 04147 04149 04150
01.202105110051.01.0027.1620700812.seq 04149 04150 04152
01.202105110051.01.0027.1620700812.seq 04156 04158 04159
01.202105110051.01.0027.1620700812.seq 04159 04162 04164
01.202105110051.01.0027.1620700812.seq 04164 04167 04168
01.202105110051.01.0027.1620700812.seq 04167 04168 04169
01.202105110051.01.0027.1620700812.seq 04168 04169 04170
01.202105110051.01.0027.1620700812.seq 04169 04170 04171
01.202105110051.01.0027.1620700812.seq 04188 04191 04194
01.202105110051.01.0027.1620700812.seq 04191 04194 04195
01.202105110051.01.0027.1620700812.seq 04199 04200 04201
01.202105110051.01.0027.1620700812.seq 04200 04201 04202
01.202105110051.01.0027.1620700812.seq 04207 04209 04211
01.202105110051.01.0027.1620700812.seq 04282 04283 04285
01.202105110051.01.0027.1620700812.seq 04283 04285 04286
01.202105110051.01.0027.1620700812.seq 04285 04286 04287
01.202105110051.01.0027.1620700812.seq 04286 04287 04288
01.202105110051.01.0027.1620700812.seq 04287 04288 04289
01.202105110051.01.0027.1620700812.seq 04288 04289 04291
01.202105110051.01.0027.1620700812.seq 04289 04291 04292
01.202105110051.01.0027.1620700812.seq 04291 04292 04293
01.202105110051.01.0027.1620700812.seq 04292 04293 04294
01.202105110051.01.0027.1620700812.seq 04293 04294 04295
01.202105110051.01.0027.1620700812.seq 04294 04295 04296
01.202105110051.01.0027.1620700812.seq 04295 04296 04297
01.202105110051.01.0027.1620700812.seq 04296 04297 04298
01.202105110051.01.0027.1620700812.seq 04377 04378 04379
01.202105110051.01.0027.1620700812.seq 04378 04379 04380
01.202105110051.01.0027.1620700812.seq 04379 04380 04381
01.202105110051.01.0027.1620700812.seq 04385 04387 04389
01.202105110051.01.0027.1620700812.seq 04399 04400 04403
01.202105110051.01.0027.1620700812.seq 04400 04403 04404
01.202105110051.01.0027.1620700812.seq 04404 04405 04406
01.202105110051.01.0027.1620700812.seq 04405 04406 04407
01.202105110051.01.0027.1620700812.seq 04406 04407 04408
01.202105110051.01.0027.1620700812.seq 04407 04408 04409
01.202105110051.01.0027.1620700812.seq 04408 04409 04410
01.202105110051.01.0027.1620700812.seq 04409 04410 04411
01.202105110051.01.0027.1620700812.seq 04411 04412 04413
01.202105110051.01.0027.1620700812.seq 04412 04413 04414
01.202105110051.01.0027.1620700812.seq 04413 04414 04415
01.202105110051.01.0027.1620700812.seq 04414 04415 04416
01.202105110051.01.0027.1620700812.seq 04415 04416 04417
01.202105110051.01.0027.1620700812.seq 04416 04417 04419
01.202105110051.01.0027.1620700812.seq 04417 04419 04420
01.202105110051.01.0027.1620700812.seq 04419 04420 04421
01.202105110051.01.0027.1620700812.seq 04420 04421 04422
01.202105110051.01.0027.1620700812.seq 04421 04422 04423
01.202105110051.01.0027.1620700812.seq 04422 04423 04424
01.202105110051.01.0027.1620700812.seq 04474 04475 04476
01.202105110051.01.0027.1620700812.seq 04475 04476 04478
01.202105110051.01.0027.1620700812.seq 04476 04478 04479
01.202105110051.01.0027.1620700812.seq 04478 04479 04480
01.202105110051.01.0027.1620700812.seq 04479 04480 04481
01.202105110051.01.0027.1620700812.seq 04480 04481 04483
01.202105110051.01.0027.1620700812.seq 04481 04483 04485
01.202105110051.01.0027.1620700812.seq 04483 04485 04487
01.202105110051.01.0027.1620700812.seq 04513 04516 04517
01.202105110051.01.0027.1620700812.seq 04516 04517 04518
01.202105110051.01.0027.1620700812.seq 04517 04518 04519
01.202105110051.01.0027.1620700812.seq 04518 04519 04521
01.202105110051.01.0027.1620700812.seq 04519 04521 04522
01.202105110051.01.0027.1620700812.seq 04522 04523 04524
01.202105110051.01.0027.1620700812.seq 04523 04524 04527
01.202105110051.01.0027.1620700812.seq 04524 04527 04530
01.202105110051.01.0027.1620700812.seq 04527 04530 04533
01.202105110051.01.0027.1620700812.seq 04537 04539 04541
01.202105110051.01.0027.1620700812.seq 04583 04584 04585
01.202105110051.01.0027.1620700812.seq 04584 04585 04587
01.202105110051.01.0027.1620700812.seq 04594 04596 04597
01.202105110051.01.0027.1620700812.seq 04596 04597 04599
01.202105110051.01.0027.1620700812.seq 04597 04599 04602
01.202105110051.01.0027.1620700812.seq 04599 04602 04603
01.202105110051.01.0027.1620700812.seq 04602 04603 04604
01.202105110051.01.0027.1620700812.seq 04603 04604 04605
01.202105110051.01.0027.1620700812.seq 04604 04605 04606
01.202105110051.01.0027.1620700812.seq 04605 04606 04608
01.202105110051.01.0027.1620700812.seq 04608 04609 04610
01.202105110051.01.0027.1620700812.seq 04609 04610 04611
01.202105110051.01.0027.1620700812.seq 04610 04611 04612
01.202105110051.01.0027.1620700812.seq 04612 04613 04616
01.202105110051.01.0027.1620700812.seq 04613 04616 04617
01.202105110051.01.0027.1620700812.seq 04640 04643 04644
01.202105110051.01.0027.1620700812.seq 04756 04758 04759
01.202105110051.01.0027.1620700812.seq 04758 04759 04761
01.202105110051.01.0027.1620700812.seq 04759 04761 04762
01.202105110051.01.0027.1620700812.seq 04761 04762 04765
01.202105110051.01.0027.1620700812.seq 04762 04765 04767
01.202105110051.01.0027.1620700812.seq 04765 04767 04769
01.202105110051.01.0027.1620700812.seq 04804 04805 04806
01.202105110051.01.0027.1620700812.seq 04805 04806 04807
01.202105110051.01.0027.1620700812.seq 04959 04961 04962
01.202105110051.01.0027.1620700812.seq 04961 04962 04965
01.202105110051.01.0027.1620700812.seq 04962 04965 04968
01.202105110051.01.0027.1620700812.seq 04965 04968 04971
01.202105110051.01.0027.1620700812.seq 04971 04973 04975
01.202105110051.01.0027.1620700812.seq 04973 04975 04976
01.202105110051.01.0027.1620700812.seq 05287 05289 05290
01.202105110051.01.0027.1620700812.seq 05289 05290 05291
01.202105110051.01.0027.1620700812.seq 05290 05291 05293
01.202105110051.01.0027.1620700812.seq 05291 05293 05295
01.202105110051.01.0027.1620700812.seq 05293 05295 05298
01.202105110051.01.0027.1620700812.seq 05310 05312 05313
01.202105110051.01.0027.1620700812.seq 05313 05314 05315
01.202105110051.01.0027.1620700812.seq 05321 05322 05323
01.202105110051.01.0027.1620700812.seq 05322 05323 05325
01.202105110051.01.0027.1620700812.seq 05323 05325 05326
01.202105110051.01.0027.1620700812.seq 05348 05350 05351
01.202105110051.01.0027.1620700812.seq 05350 05351 05352
01.202105110051.01.0027.1620700812.seq 05352 05354 05355
01.202105110051.01.0027.1620700812.seq 05354 05355 05356
01.202105110051.01.0027.1620700812.seq 05355 05356 05357
01.202105110051.01.0027.1620700812.seq 05356 05357 05358
01.202105110051.01.0027.1620700812.seq 05357 05358 05359
01.202105110051.01.0027.1620700812.seq 05358 05359 05361
01.202105110051.01.0027.1620700812.seq 05359 05361 05363
01.202105110051.01.0027.1620700812.seq 05361 05363 05364
01.202105110051.01.0027.1620700812.seq 05363 05364 05367
01.202105110051.01.0027.1620700812.seq 05364 05367 05370
01.202105110051.01.0027.1620700812.seq 05367 05370 05371
01.202105110051.01.0027.1620700812.seq 05370 05371 05373
01.202105110051.01.0027.1620700812.seq 05371 05373 05374
01.202105110051.01.0027.1620700812.seq 05406 05407 05409
01.202105110051.01.0027.1620700812.seq 05409 05410 05411
01.202105110051.01.0027.1620700812.seq 05410 05411 05412
01.202105110051.01.0027.1620700812.seq 05411 05412 05413
01.202105110051.01.0027.1620700812.seq 05412 05413 05414
01.202105110051.01.0027.1620700812.seq 05413 05414 05416
01.202105110051.01.0027.1620700812.seq 05414 05416 05417
01.202105110051.01.0027.1620700812.seq 05416 05417 05418
01.202105110051.01.0027.1620700812.seq 05417 05418 05420
01.202105110051.01.0027.1620700812.seq 05418 05420 05422
01.202105110051.01.0027.1620700812.seq 05614 05617 05619
01.202105110051.01.0027.1620700812.seq 05634 05637 05639
01.202105110051.01.0027.1620700812.seq 05637 05639 05641
01.202105110051.01.0027.1620700812.seq 05646 05647 05650
01.202105110051.01.0027.1620700812.seq 05647 05650 05652
01.202105110051.01.0027.1620700812.seq 05650 05652 05653
01.202105110051.01.0027.1620700812.seq 05669 05670 05671
01.202105110051.01.0027.1620700812.seq 05670 05671 05672
01.202105110051.01.0027.1620700812.seq 05671 05672 05673
01.202105110051.01.0027.1620700812.seq 05672 05673 05674
01.202105110051.01.0027.1620700812.seq 05673 05674 05675
01.202105110051.01.0027.1620700812.seq 05682 05683 05684
01.202105110051.01.0027.1620700812.seq 05683 05684 05685
01.202105110051.01.0027.1620700812.seq 05684 05685 05688
01.202105110051.01.0027.1620700812.seq 05685 05688 05691
01.202105110051.01.0027.1620700812.seq 05726 05727 05728
01.202105110051.01.0027.1620700812.seq 05727 05728 05730
01.202105110051.01.0027.1620700812.seq 05735 05737 05739
01.202105110051.01.0027.1620700812.seq 05739 05740 05742
01.202105110051.01.0027.1620700812.seq 05740 05742 05744
01.202105110051.01.0027.1620700812.seq 05744 05745 05747
01.202105110051.01.0027.1620700812.seq 05745 05747 05748
01.202105110051.01.0027.1620700812.seq 05747 05748 05749
01.202105110051.01.0027.1620700812.seq 05748 05749 05750
01.202105110051.01.0027.1620700812.seq 05749 05750 05751
01.202105110051.01.0027.1620700812.seq 05750 05751 05754
01.202105110051.01.0027.1620700812.seq 05751 05754 05756
01.202105110051.01.0027.1620700812.seq 05754 05756 05759
01.202105110051.01.0027.1620700812.seq 05759 05760 05761
01.202105110051.01.0027.1620700812.seq 05770 05773 05775
01.202105110051.01.0027.1620700812.seq 05773 05775 05776
01.202105110051.01.0027.1620700812.seq 05775 05776 05778
01.202105110051.01.0027.1620700812.seq 05776 05778 05780
01.202105110051.01.0027.1620700812.seq 05778 05780 05781
01.202105110051.01.0027.1620700812.seq 05781 05783 05784
01.202105110051.01.0027.1620700812.seq 05783 05784 05786
01.202105110051.01.0027.1620700812.seq 05843 05844 05847
01.202105110051.01.0027.1620700812.seq 05844 05847 05848
01.202105110051.01.0027.1620700812.seq 05847 05848 05849
01.202105110051.01.0027.1620700812.seq 05848 05849 05850
01.202105110051.01.0027.1620700812.seq 05849 05850 05851
01.202105110051.01.0027.1620700812.seq 05889 05890 05892
01.202105110051.01.0027.1620700812.seq 05890 05892 05893
01.202105110051.01.0027.1620700812.seq 05892 05893 05894
01.202105110051.01.0027.1620700812.seq 06046 06048 06050
01.202105110051.01.0027.1620700812.seq 06109 06111 06114
01.202105110051.01.0027.1620700812.seq 06165 06167 06169
01.202105110051.01.0027.1620700812.seq 06531 06532 06533
01.202105110051.01.0027.1620700812.seq 06532 06533 06534
01.202105110051.01.0027.1620700812.seq 06533 06534 06535
01.202105110051.01.0027.1620700812.seq 06534 06535 06536
01.202105110051.01.0027.1620700812.seq 06545 06548 06550
01.202105110051.01.0027.1620700812.seq 06548 06550 06552
01.202105110051.01.0027.1620700812.seq 06600 06601 06603
01.202105110051.01.0027.1620700812.seq 06608 06611 06614
01.202105110051.01.0027.1620700812.seq 06611 06614 06616
01.202105110051.01.0027.1620700812.seq 06624 06625 06626
01.202105110051.01.0027.1620700812.seq 06626 06628 06630
01.202105110051.01.0027.1620700812.seq 06628 06630 06631
01.202105110051.01.0027.1620700812.seq 06630 06631 06632
01.202105110051.01.0027.1620700812.seq 06631 06632 06635
01.202105110051.01.0027.1620700812.seq 06632 06635 06638
01.202105110051.01.0027.1620700812.seq 06663 06665 06666
01.202105110051.01.0027.1620700812.seq 06665 06666 06669
01.202105110051.01.0027.1620700812.seq 07080 07082 07084
01.202105110051.01.0027.1620700812.seq 07082 07084 07085
01.202105110051.01.0027.1620700812.seq 07102 07103 07105
01.202105110051.01.0027.1620700812.seq 07223 07224 07225
01.202105110051.01.0027.1620700812.seq 07225 07226 07227
01.202105110051.01.0027.1620700812.seq 07231 07233 07234
01.202105110051.01.0027.1620700812.seq 07233 07234 07235
01.202105110051.01.0027.1620700812.seq 07234 07235 07236
01.202105110051.01.0027.1620700812.seq 07235 07236 07237
01.202105110051.01.0027.1620700812.seq 07236 07237 07238
01.202105110051.01.0027.1620700812.seq 07237 07238 07239
01.202105110051.01.0027.1620700812.seq 07238 07239 07240
01.202105110051.01.0027.1620700812.seq 07239 07240 07242
01.202105140054.01.0034.1620957980.seq 00035 00036 00039
01.202105140054.01.0034.1620957980.seq 00049 00050 00053
01.202105140054.01.0034.1620957980.seq 00050 00053 00054
01.202105140054.01.0034.1620957980.seq 00053 00054 00056
01.202105140054.01.0034.1620957980.seq 00054 00056 00058
01.202105140054.01.0034.1620957980.seq 00056 00058 00060
01.202105140054.01.0034.1620957980.seq 00065 00068 00069
01.202105140054.01.0034.1620957980.seq 00070 00073 00075
01.202105140054.01.0034.1620957980.seq 00073 00075 00078
01.202105140054.01.0034.1620957980.seq 00094 00095 00096
01.202105140054.01.0034.1620957980.seq 00095 00096 00098
01.202105140054.01.0034.1620957980.seq 00096 00098 00100
01.202105140054.01.0034.1620957980.seq 00098 00100 00102
01.202105140054.01.0034.1620957980.seq 00100 00102 00103
01.202105140054.01.0034.1620957980.seq 00102 00103 00105
01.202105140054.01.0034.1620957980.seq 00103 00105 00106
01.202105140054.01.0034.1620957980.seq 00105 00106 00107
01.202105140054.01.0034.1620957980.seq 00106 00107 00108
01.202105140054.01.0034.1620957980.seq 00108 00109 00110
01.202105140054.01.0034.1620957980.seq 00109 00110 00111
01.202105140054.01.0034.1620957980.seq 00143 00145 00146
01.202105140054.01.0034.1620957980.seq 00145 00146 00147
01.202105140054.01.0034.1620957980.seq 00146 00147 00149
01.202105140054.01.0034.1620957980.seq 00158 00159 00161
01.202105140054.01.0034.1620957980.seq 00159 00161 00162
01.202105140054.01.0034.1620957980.seq 00161 00162 00163
01.202105140054.01.0034.1620957980.seq 00162 00163 00165
01.202105140054.01.0034.1620957980.seq 00163 00165 00166
01.202105140054.01.0034.1620957980.seq 00165 00166 00168
01.202105140054.01.0034.1620957980.seq 00166 00168 00170
01.202105140054.01.0034.1620957980.seq 00168 00170 00173
01.202105140054.01.0034.1620957980.seq 00194 00195 00196
01.202105140054.01.0034.1620957980.seq 00201 00204 00205
01.202105140054.01.0034.1620957980.seq 00204 00205 00206
01.202105140054.01.0034.1620957980.seq 00212 00213 00214
01.202105140054.01.0034.1620957980.seq 00213 00214 00215
01.202105140054.01.0034.1620957980.seq 00214 00215 00216
01.202105140054.01.0034.1620957980.seq 00215 00216 00217
01.202105140054.01.0034.1620957980.seq 00216 00217 00218
01.202105140054.01.0034.1620957980.seq 00217 00218 00220
01.202105140054.01.0034.1620957980.seq 00230 00231 00232
01.202105140054.01.0034.1620957980.seq 00231 00232 00233
01.202105140054.01.0034.1620957980.seq 00232 00233 00234
01.202105140054.01.0034.1620957980.seq 00233 00234 00235
01.202105140054.01.0034.1620957980.seq 00234 00235 00236
01.202105140054.01.0034.1620957980.seq 00235 00236 00237
01.202105140054.01.0034.1620957980.seq 00236 00237 00238
01.202105140054.01.0034.1620957980.seq 00238 00239 00240
01.202105140054.01.0034.1620957980.seq 00255 00256 00257
01.202105140054.01.0034.1620957980.seq 00256 00257 00258
01.202105140054.01.0034.1620957980.seq 00257 00258 00260
01.202105140054.01.0034.1620957980.seq 00258 00260 00262
01.202105140054.01.0034.1620957980.seq 00260 00262 00265
01.202105140054.01.0034.1620957980.seq 00262 00265 00267
01.202105140054.01.0034.1620957980.seq 00265 00267 00268
01.202105140054.01.0034.1620957980.seq 00267 00268 00269
01.202105140054.01.0034.1620957980.seq 00268 00269 00270
01.202105140054.01.0034.1620957980.seq 00269 00270 00272
01.202105140054.01.0034.1620957980.seq 00272 00273 00275
01.202105140054.01.0034.1620957980.seq 00275 00277 00278
01.202105140054.01.0034.1620957980.seq 00277 00278 00279
01.202105140054.01.0034.1620957980.seq 00278 00279 00280
01.202105140054.01.0034.1620957980.seq 00279 00280 00281
01.202105140054.01.0034.1620957980.seq 00280 00281 00282
01.202105140054.01.0034.1620957980.seq 00281 00282 00283
01.202105140054.01.0034.1620957980.seq 00282 00283 00284
01.202105140054.01.0034.1620957980.seq 00283 00284 00285
01.202105140054.01.0034.1620957980.seq 00284 00285 00286
01.202105140054.01.0034.1620957980.seq 00285 00286 00287
01.202105140054.01.0034.1620957980.seq 00286 00287 00289
01.202105140054.01.0034.1620957980.seq 00287 00289 00290
01.202105140054.01.0034.1620957980.seq 00289 00290 00292
01.202105140054.01.0034.1620957980.seq 00290 00292 00294
01.202105140054.01.0034.1620957980.seq 00292 00294 00296
01.202105140054.01.0034.1620957980.seq 00294 00296 00297
01.202105140054.01.0034.1620957980.seq 00312 00313 00314
01.202105140054.01.0034.1620957980.seq 00313 00314 00316
01.202105140054.01.0034.1620957980.seq 00314 00316 00317
01.202105140054.01.0034.1620957980.seq 00316 00317 00318
01.202105140054.01.0034.1620957980.seq 00317 00318 00319
01.202105140054.01.0034.1620957980.seq 00543 00546 00547
01.202105140054.01.0034.1620957980.seq 00552 00555 00556
01.202105140054.01.0034.1620957980.seq 00555 00556 00559
01.202105140054.01.0034.1620957980.seq 00556 00559 00560
01.202105140054.01.0034.1620957980.seq 00574 00575 00577
01.202105140054.01.0034.1620957980.seq 00575 00577 00578
01.202105140054.01.0034.1620957980.seq 00577 00578 00579
01.202105140054.01.0034.1620957980.seq 00578 00579 00581
01.202105140054.01.0034.1620957980.seq 00615 00617 00618
01.202105140054.01.0034.1620957980.seq 00618 00619 00621
01.202105140054.01.0034.1620957980.seq 00619 00621 00623
01.202105140054.01.0034.1620957980.seq 00640 00643 00644
01.202105140054.01.0034.1620957980.seq 00643 00644 00645
01.202105140054.01.0034.1620957980.seq 00853 00854 00855
01.202105140054.01.0034.1620957980.seq 00867 00869 00870
01.202105140054.01.0034.1620957980.seq 00869 00870 00871
01.202105140054.01.0034.1620957980.seq 00871 00872 00873
01.202105140054.01.0034.1620957980.seq 00872 00873 00874
01.202105140054.01.0034.1620957980.seq 00873 00874 00876
01.202105140054.01.0034.1620957980.seq 00874 00876 00878
01.202105140054.01.0034.1620957980.seq 00876 00878 00879
01.202105140054.01.0034.1620957980.seq 00878 00879 00880
01.202105140054.01.0034.1620957980.seq 00879 00880 00881
01.202105140054.01.0034.1620957980.seq 00880 00881 00883
01.202105140054.01.0034.1620957980.seq 00881 00883 00884
01.202105140054.01.0034.1620957980.seq 00883 00884 00887
01.202105140054.01.0034.1620957980.seq 00884 00887 00890
01.202105140054.01.0034.1620957980.seq 00901 00902 00904
01.202105140054.01.0034.1620957980.seq 00902 00904 00906
01.202105140054.01.0034.1620957980.seq 00904 00906 00908
01.202105140054.01.0034.1620957980.seq 00925 00927 00928
01.202105140054.01.0034.1620957980.seq 00928 00930 00931
01.202105140054.01.0034.1620957980.seq 00930 00931 00932
01.202105140054.01.0034.1620957980.seq 00931 00932 00933
01.202105140054.01.0034.1620957980.seq 00932 00933 00935
01.202105140054.01.0034.1620957980.seq 00933 00935 00938
01.202105140054.01.0034.1620957980.seq 00935 00938 00939
01.202105140054.01.0034.1620957980.seq 00938 00939 00942
01.202105140054.01.0034.1620957980.seq 01035 01036 01038
01.202105140054.01.0034.1620957980.seq 01058 01059 01061
01.202105140054.01.0034.1620957980.seq 01059 01061 01062
01.202105140054.01.0034.1620957980.seq 01061 01062 01064
01.202105140054.01.0034.1620957980.seq 01297 01300 01302
01.202105140054.01.0034.1620957980.seq 01300 01302 01303
01.202105140054.01.0034.1620957980.seq 01423 01424 01426
01.202105140054.01.0034.1620957980.seq 01424 01426 01429
01.202105140054.01.0034.1620957980.seq 02107 02108 02111
01.202105140054.01.0034.1620957980.seq 02108 02111 02112
01.202105140054.01.0034.1620957980.seq 02111 02112 02113
01.202105140054.01.0034.1620957980.seq 02146 02147 02149
01.202105140054.01.0034.1620957980.seq 02147 02149 02151
01.202105140054.01.0034.1620957980.seq 02149 02151 02153
01.202105140054.01.0034.1620957980.seq 02552 02555 02558
01.202105140054.01.0034.1620957980.seq 02558 02559 02561
01.202105140054.01.0034.1620957980.seq 02559 02561 02564
01.202105140054.01.0034.1620957980.seq 02578 02581 02583
01.202105140054.01.0034.1620957980.seq 02581 02583 02586
01.202105140054.01.0034.1620957980.seq 02592 02594 02596
01.202105140054.01.0034.1620957980.seq 02598 02600 02602
01.202105140054.01.0034.1620957980.seq 02606 02608 02609
01.202105140054.01.0034.1620957980.seq 02608 02609 02612
01.202105140054.01.0034.1620957980.seq 02609 02612 02613
01.202105140054.01.0034.1620957980.seq 02618 02620 02621
01.202105140054.01.0034.1620957980.seq 02620 02621 02622
01.202105140054.01.0034.1620957980.seq 02621 02622 02623
01.202105140054.01.0034.1620957980.seq 02622 02623 02624
01.202105140054.01.0034.1620957980.seq 02628 02630 02631
01.202105140054.01.0034.1620957980.seq 02947 02948 02951
01.202105140054.01.0034.1620957980.seq 02948 02951 02953
01.202105140054.01.0034.1620957980.seq 02951 02953 02954
01.202105140054.01.0034.1620957980.seq 02953 02954 02955
01.202105140054.01.0034.1620957980.seq 02954 02955 02958
01.202105140054.01.0034.1620957980.seq 02955 02958 02959
01.202105140054.01.0034.1620957980.seq 02958 02959 02962
01.202105140054.01.0034.1620957980.seq 02959 02962 02964
01.202105140054.01.0034.1620957980.seq 02962 02964 02965
01.202105140054.01.0034.1620957980.seq 02964 02965 02966
01.202105140054.01.0034.1620957980.seq 02965 02966 02967
01.202105140054.01.0034.1620957980.seq 02966 02967 02969
01.202105140054.01.0034.1620957980.seq 02967 02969 02971
01.202105140054.01.0034.1620957980.seq 02969 02971 02972
01.202105140054.01.0034.1620957980.seq 02971 02972 02973
01.202105140054.01.0034.1620957980.seq 02972 02973 02975
01.202105140064.01.0041.1620960481.seq 01755 01757 01758
01.202105140064.01.0041.1620960481.seq 01762 01765 01766
01.202105140064.01.0041.1620960481.seq 01766 01767 01768
01.202105140064.01.0041.1620960481.seq 01767 01768 01770
01.202105140064.01.0041.1620960481.seq 01768 01770 01772
01.202105140064.01.0041.1620960481.seq 01772 01773 01775
01.202105140064.01.0041.1620960481.seq 01775 01778 01779
01.202105140064.01.0041.1620960481.seq 01778 01779 01780
01.202105140064.01.0041.1620960481.seq 02324 02326 02327
01.202105140064.01.0041.1620960481.seq 02326 02327 02328
01.202105140064.01.0041.1620960481.seq 02327 02328 02331
01.202105140064.01.0041.1620960481.seq 02328 02331 02334
01.202105140064.01.0041.1620960481.seq 02341 02343 02344
01.202105140064.01.0041.1620960481.seq 02343 02344 02345
01.202105140064.01.0041.1620960481.seq 02345 02346 02347
01.202105140064.01.0041.1620960481.seq 02352 02353 02354
01.202105140064.01.0041.1620960481.seq 02381 02384 02385
01.202105140064.01.0041.1620960481.seq 02389 02391 02393
01.202105140064.01.0041.1620960481.seq 02423 02425 02428
01.202105140064.01.0041.1620960481.seq 02783 02785 02786
01.202105140064.01.0041.1620960481.seq 02785 02786 02787
01.202105140064.01.0041.1620960481.seq 02786 02787 02788
01.202105140064.01.0041.1620960481.seq 02788 02789 02790
01.202105140064.01.0041.1620960481.seq 02789 02790 02791
01.202105140064.01.0041.1620960481.seq 02790 02791 02792
01.202105140064.01.0041.1620960481.seq 02791 02792 02793
01.202105140064.01.0041.1620960481.seq 02792 02793 02794
01.202105140064.01.0041.1620960481.seq 02793 02794 02795
01.202105140064.01.0041.1620960481.seq 02794 02795 02796
01.202105140064.01.0041.1620960481.seq 02795 02796 02797
01.202105140064.01.0041.1620960481.seq 02819 02821 02823
01.202105140064.01.0041.1620960481.seq 02821 02823 02825
01.202105140064.01.0041.1620960481.seq 02823 02825 02827
01.202105140064.01.0041.1620960481.seq 02825 02827 02828
01.202105140064.01.0041.1620960481.seq 02905 02906 02908
01.202105140064.01.0041.1620960481.seq 02906 02908 02911
01.202105140064.01.0041.1620960481.seq 02908 02911 02912
01.202105140064.01.0041.1620960481.seq 02911 02912 02913
01.202105140064.01.0041.1620960481.seq 02912 02913 02914
01.202105140064.01.0041.1620960481.seq 02913 02914 02915
01.202105140064.01.0041.1620960481.seq 02915 02916 02917
01.202105140064.01.0041.1620960481.seq 02988 02989 02990
01.202105140064.01.0041.1620960481.seq 02989 02990 02993
01.202105140064.01.0041.1620960481.seq 02990 02993 02996
01.202105140064.01.0041.1620960481.seq 02993 02996 02999
01.202105140064.01.0041.1620960481.seq 03038 03041 03042
01.202105140064.01.0041.1620960481.seq 03041 03042 03043
01.202105140064.01.0041.1620960481.seq 03042 03043 03046
01.202105140064.01.0041.1620960481.seq 03043 03046 03047
01.202105140064.01.0041.1620960481.seq 03046 03047 03048
01.202105140064.01.0041.1620960481.seq 03047 03048 03050
01.202105140064.01.0041.1620960481.seq 03048 03050 03051
01.202105140064.01.0041.1620960481.seq 03050 03051 03052
01.202105140064.01.0041.1620960481.seq 03051 03052 03053
01.202105140064.01.0041.1620960481.seq 03052 03053 03054
01.202105140064.01.0041.1620960481.seq 03053 03054 03055
01.202105140064.01.0041.1620960481.seq 03061 03062 03063
01.202105140064.01.0041.1620960481.seq 03062 03063 03064
01.202105140064.01.0041.1620960481.seq 03063 03064 03066
01.202105140064.01.0041.1620960481.seq 03064 03066 03067
01.202105140064.01.0041.1620960481.seq 03155 03158 03160
01.202105140064.01.0041.1620960481.seq 03158 03160 03162
01.202105140064.01.0041.1620960481.seq 03193 03194 03195
01.202105140064.01.0041.1620960481.seq 03200 03201 03202
01.202105140064.01.0041.1620960481.seq 03201 03202 03203
01.202105140064.01.0041.1620960481.seq 03202 03203 03205
01.202105140064.01.0041.1620960481.seq 03203 03205 03207
01.202105140064.01.0041.1620960481.seq 03205 03207 03210
01.202105140064.01.0041.1620960481.seq 03207 03210 03212
01.202105140064.01.0041.1620960481.seq 03210 03212 03213
01.202105140064.01.0041.1620960481.seq 03225 03227 03228
01.202105140064.01.0041.1620960481.seq 03227 03228 03231
01.202105140064.01.0041.1620960481.seq 03228 03231 03234
01.202105140064.01.0041.1620960481.seq 03231 03234 03237
01.202105140064.01.0041.1620960481.seq 03258 03260 03261
01.202105140064.01.0041.1620960481.seq 03260 03261 03262
01.202105140064.01.0041.1620960481.seq 03288 03289 03290
01.202105140064.01.0041.1620960481.seq 03289 03290 03291
01.202105140064.01.0041.1620960481.seq 03290 03291 03294
01.202105140064.01.0041.1620960481.seq 03307 03309 03312
01.202105140064.01.0041.1620960481.seq 03309 03312 03313
01.202105140064.01.0041.1620960481.seq 03312 03313 03316
01.202105140064.01.0041.1620960481.seq 03313 03316 03318
01.202105140064.01.0041.1620960481.seq 03316 03318 03321
01.202105140064.01.0041.1620960481.seq 03326 03328 03329
01.202105140064.01.0041.1620960481.seq 03337 03338 03340
01.202105140064.01.0041.1620960481.seq 03338 03340 03342
01.202105140064.01.0041.1620960481.seq 03340 03342 03345
01.202105140064.01.0041.1620960481.seq 03342 03345 03347
01.202105140064.01.0041.1620960481.seq 03345 03347 03350
01.202105140064.01.0041.1620960481.seq 03360 03363 03365
01.202105140064.01.0041.1620960481.seq 03667 03668 03669
01.202105140064.01.0041.1620960481.seq 03668 03669 03670
01.202105140064.01.0041.1620960481.seq 03669 03670 03671
01.202105140064.01.0041.1620960481.seq 03670 03671 03673
01.202105140064.01.0041.1620960481.seq 03671 03673 03674
01.202105140064.01.0041.1620960481.seq 03673 03674 03675
01.202105140064.01.0041.1620960481.seq 03674 03675 03676
01.202105140064.01.0041.1620960481.seq 03675 03676 03677
01.202105140064.01.0041.1620960481.seq 03676 03677 03678
01.202105140064.01.0041.1620960481.seq 03677 03678 03679
01.202105140064.01.0041.1620960481.seq 03678 03679 03681
01.202105140064.01.0041.1620960481.seq 03735 03736 03739
01.202105140064.01.0041.1620960481.seq 03736 03739 03740
01.202105140064.01.0041.1620960481.seq 03739 03740 03741
01.202105140064.01.0041.1620960481.seq 03740 03741 03744
01.202105140064.01.0041.1620960481.seq 03741 03744 03745
01.202105140064.01.0041.1620960481.seq 03744 03745 03747
01.202105140064.01.0041.1620960481.seq 03745 03747 03749
01.202105140064.01.0041.1620960481.seq 03757 03758 03759
01.202105140064.01.0041.1620960481.seq 03759 03760 03761
01.202105140064.01.0041.1620960481.seq 03760 03761 03763
01.202105140064.01.0041.1620960481.seq 03767 03770 03771
01.202105140064.01.0041.1620960481.seq 03772 03773 03775
01.202105140064.01.0041.1620960481.seq 03784 03785 03786
01.202105140064.01.0041.1620960481.seq 03785 03786 03787
01.202105140064.01.0041.1620960481.seq 03786 03787 03788
01.202105140064.01.0041.1620960481.seq 03787 03788 03790
01.202105140064.01.0041.1620960481.seq 03788 03790 03791
01.202105140064.01.0041.1620960481.seq 03837 03838 03840
01.202105140064.01.0041.1620960481.seq 03838 03840 03842
01.202105140064.01.0041.1620960481.seq 03840 03842 03845
01.202105140064.01.0041.1620960481.seq 03867 03868 03871
01.202105140064.01.0041.1620960481.seq 03868 03871 03872
01.202105140064.01.0041.1620960481.seq 03871 03872 03873
01.202105140064.01.0041.1620960481.seq 03900 03902 03904
01.202105140064.01.0041.1620960481.seq 03902 03904 03905
01.202105140064.01.0041.1620960481.seq 03916 03917 03919
01.202105140064.01.0041.1620960481.seq 03917 03919 03921
01.202105140064.01.0041.1620960481.seq 03919 03921 03922
01.202105140064.01.0041.1620960481.seq 03921 03922 03923
01.202105140064.01.0041.1620960481.seq 03936 03937 03939
01.202105140064.01.0041.1620960481.seq 03937 03939 03940
01.202105140064.01.0041.1620960481.seq 03953 03954 03955
01.202105140064.01.0041.1620960481.seq 03954 03955 03958
01.202105140064.01.0041.1620960481.seq 03955 03958 03959
01.202105140064.01.0041.1620960481.seq 03986 03987 03988
01.202105140064.01.0041.1620960481.seq 03987 03988 03989
01.202105140064.01.0041.1620960481.seq 03988 03989 03990
01.202105140064.01.0041.1620960481.seq 03989 03990 03991
01.202105140064.01.0041.1620960481.seq 03990 03991 03992
01.202105140064.01.0041.1620960481.seq 04193 04194 04195
01.202105140064.01.0041.1620960481.seq 04480 04483 04484
01.202105140064.01.0041.1620960481.seq 04548 04549 04551
01.202105140064.01.0041.1620960481.seq 04549 04551 04552
01.202105140064.01.0041.1620960481.seq 04551 04552 04553
01.202105140064.01.0041.1620960481.seq 04563 04564 04565
01.202105140064.01.0041.1620960481.seq 04631 04633 04634
01.202105140064.01.0041.1620960481.seq 04633 04634 04636
01.202105140064.01.0041.1620960481.seq 04641 04644 04647
01.202105140064.01.0041.1620960481.seq 04644 04647 04650
01.202105140064.01.0041.1620960481.seq 04647 04650 04651
01.202105140064.01.0041.1620960481.seq 04710 04711 04713
01.202105140064.01.0041.1620960481.seq 04711 04713 04714
01.202105140064.01.0041.1620960481.seq 04713 04714 04715
01.202105140064.01.0041.1620960481.seq 04714 04715 04716
01.202105140064.01.0041.1620960481.seq 04715 04716 04718
01.202105140064.01.0041.1620960481.seq 04716 04718 04719
01.202105140064.01.0041.1620960481.seq 04718 04719 04720
01.202105140068.01.0045.1620960997.seq 02142 02144 02145
01.202105140068.01.0045.1620960997.seq 02144 02145 02146
01.202105140068.01.0045.1620960997.seq 02145 02146 02148
01.202105140068.01.0045.1620960997.seq 02180 02181 02182
01.202105140068.01.0045.1620960997.seq 02287 02289 02292
01.202105140068.01.0045.1620960997.seq 02371 02372 02373
01.202105140068.01.0045.1620960997.seq 02373 02374 02375
01.202105140068.01.0045.1620960997.seq 02374 02375 02376
01.202105140068.01.0045.1620960997.seq 02375 02376 02377
01.202105140068.01.0045.1620960997.seq 02381 02382 02383
01.202105140068.01.0045.1620960997.seq 02387 02388 02389
01.202105140068.01.0045.1620960997.seq 02388 02389 02390
01.202105140068.01.0045.1620960997.seq 02389 02390 02391
01.202105140068.01.0045.1620960997.seq 02391 02394 02396
01.202105140068.01.0045.1620960997.seq 02394 02396 02397
01.202105140068.01.0045.1620960997.seq 02405 02407 02408
01.202105140068.01.0045.1620960997.seq 02407 02408 02409
01.202105140068.01.0045.1620960997.seq 02408 02409 02412
01.202105140068.01.0045.1620960997.seq 02409 02412 02415
01.202105140068.01.0045.1620960997.seq 02412 02415 02416
01.202105140068.01.0045.1620960997.seq 02415 02416 02417
01.202105140068.01.0045.1620960997.seq 02416 02417 02418
01.202105140068.01.0045.1620960997.seq 02417 02418 02419
01.202105140068.01.0045.1620960997.seq 02418 02419 02420
01.202105140068.01.0045.1620960997.seq 02419 02420 02421
01.202105140068.01.0045.1620960997.seq 02420 02421 02422
01.202105140068.01.0045.1620960997.seq 02421 02422 02423
01.202105140068.01.0045.1620960997.seq 02422 02423 02425
01.202105140068.01.0045.1620960997.seq 02431 02433 02434
01.202105140068.01.0045.1620960997.seq 02433 02434 02435
01.202105140068.01.0045.1620960997.seq 02434 02435 02437
01.202105140068.01.0045.1620960997.seq 02437 02438 02439
01.202105140068.01.0045.1620960997.seq 02438 02439 02440
01.202105140068.01.0045.1620960997.seq 02440 02441 02443
01.202105140068.01.0045.1620960997.seq 02441 02443 02444
01.202105140068.01.0045.1620960997.seq 02443 02444 02446
01.202105140068.01.0045.1620960997.seq 02492 02493 02494
01.202105140068.01.0045.1620960997.seq 02507 02508 02509
01.202105140068.01.0045.1620960997.seq 02514 02515 02516
01.202105140068.01.0045.1620960997.seq 02517 02518 02519
01.202105140068.01.0045.1620960997.seq 02518 02519 02520
01.202105140068.01.0045.1620960997.seq 02532 02534 02536
01.202105140068.01.0045.1620960997.seq 02551 02552 02554
01.202105140068.01.0045.1620960997.seq 02573 02574 02575
01.202105140068.01.0045.1620960997.seq 02574 02575 02576
01.202105140068.01.0045.1620960997.seq 02575 02576 02579
01.202105140068.01.0045.1620960997.seq 02576 02579 02581
01.202105140068.01.0045.1620960997.seq 02586 02588 02589
01.202105140068.01.0045.1620960997.seq 02588 02589 02590
01.202105140068.01.0045.1620960997.seq 02589 02590 02591
01.202105140068.01.0045.1620960997.seq 02591 02592 02593
01.202105140068.01.0045.1620960997.seq 02592 02593 02594
01.202105140068.01.0045.1620960997.seq 02593 02594 02595
01.202105140068.01.0045.1620960997.seq 02594 02595 02596
01.202105140068.01.0045.1620960997.seq 02595 02596 02597
01.202105140068.01.0045.1620960997.seq 02602 02603 02604
01.202105140068.01.0045.1620960997.seq 02603 02604 02605
01.202105140068.01.0045.1620960997.seq 02604 02605 02606
01.202105140068.01.0045.1620960997.seq 02605 02606 02607
01.202105140068.01.0045.1620960997.seq 02606 02607 02608
01.202105140068.01.0045.1620960997.seq 02607 02608 02609
01.202105140068.01.0045.1620960997.seq 02608 02609 02611
01.202105140068.01.0045.1620960997.seq 02609 02611 02613
01.202105140068.01.0045.1620960997.seq 02611 02613 02615
01.202105140068.01.0045.1620960997.seq 02613 02615 02616
01.202105140068.01.0045.1620960997.seq 02616 02617 02619
01.202105140068.01.0045.1620960997.seq 02617 02619 02620
01.202105140068.01.0045.1620960997.seq 02619 02620 02623
01.202105140068.01.0045.1620960997.seq 02620 02623 02624
01.202105140068.01.0045.1620960997.seq 02623 02624 02625
01.202105140068.01.0045.1620960997.seq 02906 02908 02910
01.202105140068.01.0045.1620960997.seq 02908 02910 02911
01.202105140068.01.0045.1620960997.seq 02910 02911 02912
01.202105140068.01.0045.1620960997.seq 02911 02912 02913
01.202105140068.01.0045.1620960997.seq 02912 02913 02915
01.202105140068.01.0045.1620960997.seq 02913 02915 02916
01.202105140068.01.0045.1620960997.seq 02916 02917 02918
01.202105140068.01.0045.1620960997.seq 02917 02918 02920
01.202105140068.01.0045.1620960997.seq 02918 02920 02922
01.202105140068.01.0045.1620960997.seq 02978 02980 02981
01.202105140068.01.0045.1620960997.seq 03100 03101 03102
01.202105140068.01.0045.1620960997.seq 03101 03102 03104
01.202105140068.01.0045.1620960997.seq 03355 03356 03359
01.202105140068.01.0045.1620960997.seq 03356 03359 03361
01.202105140068.01.0045.1620960997.seq 03359 03361 03363
01.202105140068.01.0045.1620960997.seq 03454 03455 03457
01.202105140068.01.0045.1620960997.seq 03541 03544 03545
01.202105140068.01.0045.1620960997.seq 03569 03572 03574
01.202105140068.01.0045.1620960997.seq 03572 03574 03575
01.202105140068.01.0045.1620960997.seq 03574 03575 03577
01.202105140068.01.0045.1620960997.seq 03575 03577 03578
01.202105140068.01.0045.1620960997.seq 03590 03592 03594
01.202105140068.01.0045.1620960997.seq 03592 03594 03597
01.202105140068.01.0045.1620960997.seq 03594 03597 03599
01.202105140068.01.0045.1620960997.seq 03597 03599 03600
01.202105140068.01.0045.1620960997.seq 03599 03600 03602
01.202105140068.01.0045.1620960997.seq 03600 03602 03605
01.202105140068.01.0045.1620960997.seq 03615 03618 03619
01.202105140068.01.0045.1620960997.seq 03618 03619 03620
01.202105140068.01.0045.1620960997.seq 03620 03621 03622
01.202105140068.01.0045.1620960997.seq 03767 03770 03771
01.202105140068.01.0045.1620960997.seq 03793 03794 03796
01.202105140068.01.0045.1620960997.seq 03794 03796 03798
01.202105140068.01.0045.1620960997.seq 04275 04276 04277
01.202105140068.01.0045.1620960997.seq 04276 04277 04279
01.202105140068.01.0045.1620960997.seq 04277 04279 04280
01.202105140068.01.0045.1620960997.seq 04554 04556 04559
01.202105140068.01.0045.1620960997.seq 04556 04559 04562
